B_NETS 2
     VDD_15  VDD_15:BGA_VDD_15
     VSS  VSS:BGA_VSS
E_NETS

B_SOURCES 9
     VDD_15:FCHIP_VDD_15_Group_0
     VDD_15:FCHIP_VDD_15_Group_1
     VDD_15:FCHIP_VDD_15_Group_2
     VDD_15:FCHIP_VDD_15_Group_3
     VDD_15:VDD_15:COMP1_part_COMP1:1
     VSS:FCHIP_VSS_Group_0
     VSS:FCHIP_VSS_Group_1
     VSS:FCHIP_VSS_Group_2
     VSS:FCHIP_VSS_Group_3
E_SOURCES

B_RMATS  180
B_FREQ 0.000000e+00
  4.250243e-03  1.847680e-03  4.120671e-03  1.824100e-03  1.439733e-04  0.000000e+00  0.000000e+00  0.000000e+00  0.000000e+00
  1.847680e-03  4.273500e-03  1.823891e-03  4.142628e-03  3.299317e-04  0.000000e+00  0.000000e+00  0.000000e+00  0.000000e+00
  4.120671e-03  1.823891e-03  4.297722e-03  1.800615e-03  1.421197e-04  0.000000e+00  0.000000e+00  0.000000e+00  0.000000e+00
  1.824100e-03  4.142628e-03  1.800615e-03  4.320791e-03  3.317865e-04  0.000000e+00  0.000000e+00  0.000000e+00  0.000000e+00
  1.439733e-04  3.299317e-04  1.421197e-04  3.317865e-04  9.714195e-04  0.000000e+00  0.000000e+00  0.000000e+00  0.000000e+00
  0.000000e+00  0.000000e+00  0.000000e+00  0.000000e+00  0.000000e+00  1.045594e-04  5.740984e-05  1.126874e-05  1.033379e-05
  0.000000e+00  0.000000e+00  0.000000e+00  0.000000e+00  0.000000e+00  5.740984e-05  1.083064e-04  1.021448e-05  1.150148e-05
  0.000000e+00  0.000000e+00  0.000000e+00  0.000000e+00  0.000000e+00  1.126874e-05  1.021448e-05  1.079291e-04  6.049972e-05
  0.000000e+00  0.000000e+00  0.000000e+00  0.000000e+00  0.000000e+00  1.033379e-05  1.150148e-05  6.049972e-05  1.146301e-04
E_FREQ

B_FREQ 1.000000e+00
  4.253594e-03  1.849063e-03  4.123739e-03  1.825461e-03  1.440105e-04  2.022737e-07  1.906722e-07  2.243265e-07  1.967488e-07
  1.849063e-03  4.276832e-03  1.825253e-03  4.145675e-03  3.307386e-04  1.544359e-07  1.668519e-07  1.759739e-07  2.026353e-07
  4.123739e-03  1.825253e-03  4.301115e-03  1.801956e-03  1.421396e-04  1.887434e-07  1.785345e-07  2.377649e-07  2.084173e-07
  1.825461e-03  4.145675e-03  1.801956e-03  4.324165e-03  3.325924e-04  1.431799e-07  1.540278e-07  1.868991e-07  2.153237e-07
  1.440105e-04  3.307386e-04  1.421396e-04  3.325924e-04  9.756867e-04  -1.315847e-07  -1.283867e-07  -2.466205e-08  -8.086397e-08
  2.022737e-07  1.544359e-07  1.887434e-07  1.431799e-07  -1.315847e-07  1.053004e-04  5.801730e-05  1.169738e-05  1.075692e-05
  1.906722e-07  1.668519e-07  1.785345e-07  1.540278e-07  -1.283867e-07  5.801730e-05  1.090965e-04  1.064782e-05  1.193524e-05
  2.243265e-07  1.759739e-07  2.377649e-07  1.868991e-07  -2.466205e-08  1.169738e-05  1.064782e-05  1.086417e-04  6.106132e-05
  1.967488e-07  2.026353e-07  2.084173e-07  2.153237e-07  -8.086397e-08  1.075692e-05  1.193524e-05  6.106132e-05  1.153515e-04
E_FREQ

B_FREQ 1.258925e+00
  4.254003e-03  1.849232e-03  4.124113e-03  1.825627e-03  1.440151e-04  2.269548e-07  2.139377e-07  2.516985e-07  2.207558e-07
  1.849232e-03  4.277238e-03  1.825419e-03  4.146047e-03  3.308371e-04  1.732799e-07  1.872109e-07  1.974460e-07  2.273605e-07
  4.124113e-03  1.825419e-03  4.301529e-03  1.802119e-03  1.421421e-04  2.117736e-07  2.003190e-07  2.667766e-07  2.338481e-07
  1.825627e-03  4.146047e-03  1.802119e-03  4.324577e-03  3.326907e-04  1.606505e-07  1.728220e-07  2.097042e-07  2.415972e-07
  1.440151e-04  3.308371e-04  1.421421e-04  3.326907e-04  9.762073e-04  -1.476405e-07  -1.440522e-07  -2.767128e-08  -9.073087e-08
  2.269548e-07  1.732799e-07  2.117736e-07  1.606505e-07  -1.476405e-07  1.053908e-04  5.809142e-05  1.174969e-05  1.080855e-05
  2.139377e-07  1.872109e-07  2.003190e-07  1.728220e-07  -1.440522e-07  5.809142e-05  1.091929e-04  1.070069e-05  1.198817e-05
  2.516985e-07  1.974460e-07  2.667766e-07  2.097042e-07  -2.767128e-08  1.174969e-05  1.070069e-05  1.087287e-04  6.112984e-05
  2.207558e-07  2.273605e-07  2.338481e-07  2.415972e-07  -9.073087e-08  1.080855e-05  1.198817e-05  6.112984e-05  1.154396e-04
E_FREQ

B_FREQ 1.584893e+00
  4.254461e-03  1.849421e-03  4.124533e-03  1.825814e-03  1.440202e-04  2.546475e-07  2.400421e-07  2.824103e-07  2.476921e-07
  1.849421e-03  4.277695e-03  1.825606e-03  4.146464e-03  3.309475e-04  1.944233e-07  2.100541e-07  2.215380e-07  2.551027e-07
  4.124533e-03  1.825606e-03  4.301994e-03  1.802303e-03  1.421448e-04  2.376139e-07  2.247616e-07  2.993283e-07  2.623818e-07
  1.825814e-03  4.146464e-03  1.802303e-03  4.325039e-03  3.328011e-04  1.802528e-07  1.939095e-07  2.352920e-07  2.710765e-07
  1.440202e-04  3.309475e-04  1.421448e-04  3.328011e-04  9.767915e-04  -1.656553e-07  -1.616293e-07  -3.104768e-08  -1.018017e-07
  2.546475e-07  1.944233e-07  2.376139e-07  1.802528e-07  -1.656553e-07  1.054923e-04  5.817459e-05  1.180837e-05  1.086648e-05
  2.400421e-07  2.100541e-07  2.247616e-07  1.939095e-07  -1.616293e-07  5.817459e-05  1.093011e-04  1.076002e-05  1.204756e-05
  2.824103e-07  2.215380e-07  2.993283e-07  2.352920e-07  -3.104768e-08  1.180837e-05  1.076002e-05  1.088263e-04  6.120673e-05
  2.476921e-07  2.551027e-07  2.623818e-07  2.710765e-07  -1.018017e-07  1.086648e-05  1.204756e-05  6.120673e-05  1.155383e-04
E_FREQ

B_FREQ 1.995262e+00
  4.254976e-03  1.849634e-03  4.125004e-03  1.826023e-03  1.440259e-04  2.857192e-07  2.693316e-07  3.168696e-07  2.779151e-07
  1.849634e-03  4.278206e-03  1.825815e-03  4.146932e-03  3.310715e-04  2.181465e-07  2.356846e-07  2.485697e-07  2.862300e-07
  4.125004e-03  1.825815e-03  4.302515e-03  1.802509e-03  1.421479e-04  2.666071e-07  2.521867e-07  3.358518e-07  2.943973e-07
  1.826023e-03  4.146932e-03  1.802509e-03  4.325557e-03  3.329248e-04  2.022470e-07  2.175701e-07  2.640020e-07  3.041528e-07
  1.440259e-04  3.310715e-04  1.421479e-04  3.329248e-04  9.774470e-04  -1.858683e-07  -1.813510e-07  -3.483607e-08  -1.142234e-07
  2.857192e-07  2.181465e-07  2.666071e-07  2.022470e-07  -1.858683e-07  1.056061e-04  5.826790e-05  1.187422e-05  1.093148e-05
  2.693316e-07  2.356846e-07  2.521867e-07  2.175701e-07  -1.813510e-07  5.826790e-05  1.094224e-04  1.082658e-05  1.211419e-05
  3.168696e-07  2.485697e-07  3.358518e-07  2.640020e-07  -3.483607e-08  1.187422e-05  1.082658e-05  1.089357e-04  6.129300e-05
  2.779151e-07  2.862300e-07  2.943973e-07  3.041528e-07  -1.142234e-07  1.093148e-05  1.211419e-05  6.129300e-05  1.156492e-04
E_FREQ

B_FREQ 2.511886e+00
  4.255554e-03  1.849872e-03  4.125533e-03  1.826258e-03  1.440323e-04  3.205822e-07  3.021951e-07  3.555335e-07  3.118258e-07
  1.849872e-03  4.278781e-03  1.826050e-03  4.147457e-03  3.312106e-04  2.447644e-07  2.644424e-07  2.788998e-07  3.211553e-07
  4.125533e-03  1.826050e-03  4.303100e-03  1.802740e-03  1.421513e-04  2.991381e-07  2.829581e-07  3.768320e-07  3.303192e-07
  1.826258e-03  4.147457e-03  1.802740e-03  4.326139e-03  3.330637e-04  2.269248e-07  2.441176e-07  2.962151e-07  3.412651e-07
  1.440323e-04  3.312106e-04  1.421513e-04  3.330637e-04  9.781825e-04  -2.085477e-07  -2.034792e-07  -3.908672e-08  -1.281608e-07
  3.205822e-07  2.447644e-07  2.991381e-07  2.269248e-07  -2.085477e-07  1.057338e-04  5.837260e-05  1.194810e-05  1.100441e-05
  3.021951e-07  2.644424e-07  2.829581e-07  2.441176e-07  -2.034792e-07  5.837260e-05  1.095586e-04  1.090127e-05  1.218895e-05
  3.555335e-07  2.788998e-07  3.768320e-07  2.962151e-07  -3.908672e-08  1.194810e-05  1.090127e-05  1.090586e-04  6.138979e-05
  3.118258e-07  3.211553e-07  3.303192e-07  3.412651e-07  -1.281608e-07  1.100441e-05  1.218895e-05  6.138979e-05  1.157735e-04
E_FREQ

B_FREQ 3.162278e+00
  4.256202e-03  1.850140e-03  4.126126e-03  1.826521e-03  1.440395e-04  3.596992e-07  3.390684e-07  3.989152e-07  3.498743e-07
  1.850140e-03  4.279425e-03  1.826313e-03  4.148047e-03  3.313666e-04  2.746302e-07  2.967093e-07  3.129308e-07  3.603422e-07
  4.126126e-03  1.826313e-03  4.303756e-03  1.802999e-03  1.421552e-04  3.356385e-07  3.174842e-07  4.228124e-07  3.706242e-07
  1.826521e-03  4.148047e-03  1.802999e-03  4.326791e-03  3.332196e-04  2.546139e-07  2.739045e-07  3.323588e-07  3.829057e-07
  1.440395e-04  3.313666e-04  1.421552e-04  3.332196e-04  9.790077e-04  -2.339944e-07  -2.283074e-07  -4.385602e-08  -1.437987e-07
  3.596992e-07  2.746302e-07  3.356385e-07  2.546139e-07  -2.339944e-07  1.058771e-04  5.849007e-05  1.203099e-05  1.108623e-05
  3.390684e-07  2.967093e-07  3.174842e-07  2.739045e-07  -2.283074e-07  5.849007e-05  1.097114e-04  1.098507e-05  1.227283e-05
  3.989152e-07  3.129308e-07  4.228124e-07  3.323588e-07  -4.385602e-08  1.203099e-05  1.098507e-05  1.091964e-04  6.149840e-05
  3.498743e-07  3.603422e-07  3.706242e-07  3.829057e-07  -1.437987e-07  1.108623e-05  1.227283e-05  6.149840e-05  1.159130e-04
E_FREQ

B_FREQ 3.981072e+00
  4.256929e-03  1.850440e-03  4.126791e-03  1.826816e-03  1.440476e-04  4.035891e-07  3.804411e-07  4.475902e-07  3.925655e-07
  1.850440e-03  4.280148e-03  1.826609e-03  4.148708e-03  3.315417e-04  3.081401e-07  3.329133e-07  3.511141e-07  4.043106e-07
  4.126791e-03  1.826609e-03  4.304492e-03  1.803290e-03  1.421595e-04  3.765926e-07  3.562232e-07  4.744033e-07  4.158472e-07
  1.826816e-03  4.148708e-03  1.803290e-03  4.327523e-03  3.333945e-04  2.856815e-07  3.073259e-07  3.729127e-07  4.296273e-07
  1.440476e-04  3.315417e-04  1.421595e-04  3.333945e-04  9.799336e-04  -2.625460e-07  -2.561651e-07  -4.920726e-08  -1.613448e-07
  4.035891e-07  3.081401e-07  3.765926e-07  2.856815e-07  -2.625460e-07  1.060379e-04  5.862188e-05  1.212400e-05  1.117805e-05
  3.804411e-07  3.329133e-07  3.562232e-07  3.073259e-07  -2.561651e-07  5.862188e-05  1.098828e-04  1.107910e-05  1.236695e-05
  4.475902e-07  3.511141e-07  4.744033e-07  3.729127e-07  -4.920726e-08  1.212400e-05  1.107910e-05  1.093510e-04  6.162026e-05
  3.925655e-07  4.043106e-07  4.158472e-07  4.296273e-07  -1.613448e-07  1.117805e-05  1.236695e-05  6.162026e-05  1.160696e-04
E_FREQ

B_FREQ 5.011872e+00
  4.257744e-03  1.850776e-03  4.127538e-03  1.827148e-03  1.440566e-04  4.528344e-07  4.268619e-07  5.022045e-07  4.404657e-07
  1.850776e-03  4.280959e-03  1.826940e-03  4.149449e-03  3.317381e-04  3.457389e-07  3.735349e-07  3.939565e-07  4.536439e-07
  4.127538e-03  1.826940e-03  4.305318e-03  1.803616e-03  1.421643e-04  4.225438e-07  3.996890e-07  5.322893e-07  4.665882e-07
  1.827148e-03  4.149449e-03  1.803616e-03  4.328345e-03  3.335907e-04  3.205399e-07  3.448253e-07  4.184150e-07  4.820497e-07
  1.440566e-04  3.317381e-04  1.421643e-04  3.335907e-04  9.809725e-04  -2.945814e-07  -2.874220e-07  -5.521145e-08  -1.810319e-07
  4.528344e-07  3.457389e-07  4.225438e-07  3.205399e-07  -2.945814e-07  1.062183e-04  5.876977e-05  1.222835e-05  1.128106e-05
  4.268619e-07  3.735349e-07  3.996890e-07  3.448253e-07  -2.874220e-07  5.876977e-05  1.100752e-04  1.118460e-05  1.247255e-05
  5.022045e-07  3.939565e-07  5.322893e-07  4.184150e-07  -5.521145e-08  1.222835e-05  1.118460e-05  1.095245e-04  6.175698e-05
  4.404657e-07  4.536439e-07  4.665882e-07  4.820497e-07  -1.810319e-07  1.128106e-05  1.247255e-05  6.175698e-05  1.162452e-04
E_FREQ

B_FREQ 6.309573e+00
  4.258660e-03  1.851154e-03  4.128376e-03  1.827519e-03  1.440668e-04  5.080886e-07  4.789469e-07  5.634827e-07  4.942106e-07
  1.851154e-03  4.281869e-03  1.827312e-03  4.150282e-03  3.319585e-04  3.879254e-07  4.191130e-07  4.420265e-07  5.089969e-07
  4.128376e-03  1.827312e-03  4.306245e-03  1.803983e-03  1.421698e-04  4.741020e-07  4.484584e-07  5.972384e-07  5.235206e-07
  1.827519e-03  4.150282e-03  1.803983e-03  4.329267e-03  3.338108e-04  3.596516e-07  3.869003e-07  4.694693e-07  5.408687e-07
  1.440668e-04  3.319585e-04  1.421698e-04  3.338108e-04  9.821381e-04  -3.305258e-07  -3.224928e-07  -6.194827e-08  -2.031211e-07
  5.080886e-07  3.879254e-07  4.741020e-07  3.596516e-07  -3.305258e-07  1.064208e-04  5.893571e-05  1.234545e-05  1.139664e-05
  4.789469e-07  4.191130e-07  4.484584e-07  3.869003e-07  -3.224928e-07  5.893571e-05  1.102910e-04  1.130297e-05  1.259104e-05
  5.634827e-07  4.420265e-07  5.972384e-07  4.694693e-07  -6.194827e-08  1.234545e-05  1.130297e-05  1.097192e-04  6.191039e-05
  4.942106e-07  5.089969e-07  5.235206e-07  5.408687e-07  -2.031211e-07  1.139664e-05  1.259104e-05  6.191039e-05  1.164423e-04
E_FREQ

B_FREQ 7.943282e+00
  4.259687e-03  1.851578e-03  4.129316e-03  1.827937e-03  1.440782e-04  5.700847e-07  5.373873e-07  6.322380e-07  5.545135e-07
  1.851578e-03  4.282890e-03  1.827730e-03  4.151216e-03  3.322059e-04  4.352595e-07  4.702525e-07  4.959618e-07  5.711039e-07
  4.129316e-03  1.827730e-03  4.307285e-03  1.804393e-03  1.421759e-04  5.319512e-07  5.031786e-07  6.701125e-07  5.873998e-07
  1.827937e-03  4.151216e-03  1.804393e-03  4.330301e-03  3.340578e-04  4.035358e-07  4.341093e-07  5.267532e-07  6.068646e-07
  1.440782e-04  3.322059e-04  1.421759e-04  3.340578e-04  9.834460e-04  -3.708561e-07  -3.618429e-07  -6.950710e-08  -2.279056e-07
  5.700847e-07  4.352595e-07  5.319512e-07  4.035358e-07  -3.708561e-07  1.066479e-04  5.912190e-05  1.247682e-05  1.152633e-05
  5.373873e-07  4.702525e-07  5.031786e-07  4.341093e-07  -3.618429e-07  5.912190e-05  1.105332e-04  1.143579e-05  1.272399e-05
  6.322380e-07  4.959618e-07  6.701125e-07  5.267532e-07  -6.950710e-08  1.247682e-05  1.143579e-05  1.099376e-04  6.208252e-05
  5.545135e-07  5.711039e-07  5.873998e-07  6.068646e-07  -2.279056e-07  1.152633e-05  1.272399e-05  6.208252e-05  1.166634e-04
E_FREQ

B_FREQ 1.000000e+01
  4.260839e-03  1.852054e-03  4.130371e-03  1.828405e-03  1.440910e-04  6.396456e-07  6.029584e-07  7.093827e-07  6.221743e-07
  1.852054e-03  4.284036e-03  1.828198e-03  4.152264e-03  3.324833e-04  4.883692e-07  5.276320e-07  5.564783e-07  6.407891e-07
  4.130371e-03  1.828198e-03  4.308452e-03  1.804854e-03  1.421827e-04  5.968590e-07  5.645757e-07  7.518786e-07  6.590734e-07
  1.828405e-03  4.152264e-03  1.804854e-03  4.331461e-03  3.343349e-04  4.527746e-07  4.870787e-07  5.910268e-07  6.809133e-07
  1.440910e-04  3.324833e-04  1.421827e-04  3.343349e-04  9.849134e-04  -4.161074e-07  -4.059944e-07  -7.798825e-08  -2.557143e-07
  6.396456e-07  4.883692e-07  5.968590e-07  4.527746e-07  -4.161074e-07  1.069027e-04  5.933080e-05  1.262423e-05  1.167184e-05
  6.029584e-07  5.276320e-07  5.645757e-07  4.870787e-07  -4.059944e-07  5.933080e-05  1.108049e-04  1.158481e-05  1.287316e-05
  7.093827e-07  5.564783e-07  7.518786e-07  5.910268e-07  -7.798825e-08  1.262423e-05  1.158481e-05  1.101827e-04  6.227565e-05
  6.221743e-07  6.407891e-07  6.590734e-07  6.809133e-07  -2.557143e-07  1.167184e-05  1.287316e-05  6.227565e-05  1.169115e-04
E_FREQ

B_FREQ 1.258925e+01
  4.262132e-03  1.852588e-03  4.131555e-03  1.828930e-03  1.441054e-04  7.176942e-07  6.765305e-07  7.959405e-07  6.980911e-07
  1.852588e-03  4.285322e-03  1.828724e-03  4.153439e-03  3.327947e-04  5.479593e-07  5.920129e-07  6.243790e-07  7.189772e-07
  4.131555e-03  1.828724e-03  4.309762e-03  1.805372e-03  1.421904e-04  6.696869e-07  6.334643e-07  8.436217e-07  7.394925e-07
  1.828930e-03  4.153439e-03  1.805372e-03  4.332763e-03  3.346459e-04  5.080215e-07  5.465113e-07  6.631430e-07  7.639973e-07
  1.441054e-04  3.327947e-04  1.421904e-04  3.346459e-04  9.865599e-04  -4.668801e-07  -4.555332e-07  -8.750426e-08  -2.869162e-07
  7.176942e-07  5.479593e-07  6.696869e-07  5.080215e-07  -4.668801e-07  1.071886e-04  5.956519e-05  1.278963e-05  1.183511e-05
  6.765305e-07  5.920129e-07  6.334643e-07  5.465113e-07  -4.555332e-07  5.956519e-05  1.111097e-04  1.175202e-05  1.304053e-05
  7.959405e-07  6.243790e-07  8.436217e-07  6.631430e-07  -8.750426e-08  1.278963e-05  1.175202e-05  1.104577e-04  6.249235e-05
  6.980911e-07  7.189772e-07  7.394925e-07  7.639973e-07  -2.869162e-07  1.183511e-05  1.304053e-05  6.249235e-05  1.171898e-04
E_FREQ

B_FREQ 1.584893e+01
  4.263582e-03  1.853186e-03  4.132883e-03  1.829519e-03  1.441215e-04  8.052661e-07  7.590797e-07  8.930599e-07  7.832711e-07
  1.853186e-03  4.286764e-03  1.829313e-03  4.154759e-03  3.331440e-04  6.148204e-07  6.642494e-07  7.005647e-07  8.067057e-07
  4.132883e-03  1.829313e-03  4.311231e-03  1.805952e-03  1.421991e-04  7.514010e-07  7.107586e-07  9.465591e-07  8.297242e-07
  1.829519e-03  4.154759e-03  1.805952e-03  4.334224e-03  3.349948e-04  5.700094e-07  6.131957e-07  7.440587e-07  8.572191e-07
  1.441215e-04  3.331440e-04  1.421991e-04  3.349948e-04  9.884073e-04  -5.238481e-07  -5.111167e-07  -9.818139e-08  -3.219253e-07
  8.052661e-07  6.148204e-07  7.514010e-07  5.700094e-07  -5.238481e-07  1.075095e-04  5.982818e-05  1.297520e-05  1.201830e-05
  7.590797e-07  6.642494e-07  7.107586e-07  6.131957e-07  -5.111167e-07  5.982818e-05  1.114518e-04  1.193963e-05  1.322832e-05
  8.930599e-07  7.005647e-07  9.465591e-07  7.440587e-07  -9.818139e-08  1.297520e-05  1.193963e-05  1.107662e-04  6.273548e-05
  7.832711e-07  8.067057e-07  8.297242e-07  8.572191e-07  -3.219253e-07  1.201830e-05  1.322832e-05  6.273548e-05  1.175022e-04
E_FREQ

B_FREQ 1.995262e+01
  4.265210e-03  1.853858e-03  4.134373e-03  1.830181e-03  1.441396e-04  9.035234e-07  8.517014e-07  1.002030e-06  8.788446e-07
  1.853858e-03  4.288383e-03  1.829975e-03  4.156239e-03  3.335360e-04  6.898398e-07  7.453001e-07  7.860465e-07  9.051386e-07
  4.134373e-03  1.829975e-03  4.312879e-03  1.806603e-03  1.422088e-04  8.430858e-07  7.974843e-07  1.062057e-06  9.309659e-07
  1.830181e-03  4.156239e-03  1.806603e-03  4.335863e-03  3.353863e-04  6.395611e-07  6.880169e-07  8.348476e-07  9.618156e-07
  1.441396e-04  3.335360e-04  1.422088e-04  3.353863e-04  9.904802e-04  -5.877673e-07  -5.734823e-07  -1.101613e-07  -3.612061e-07
  9.035234e-07  6.898398e-07  8.430858e-07  6.395611e-07  -5.877673e-07  1.078694e-04  6.012327e-05  1.318342e-05  1.222384e-05
  8.517014e-07  7.453001e-07  7.974843e-07  6.880169e-07  -5.734823e-07  6.012327e-05  1.118356e-04  1.215013e-05  1.343903e-05
  1.002030e-06  7.860465e-07  1.062057e-06  8.348476e-07  -1.101613e-07  1.318342e-05  1.215013e-05  1.111124e-04  6.300829e-05
  8.788446e-07  9.051386e-07  9.309659e-07  9.618156e-07  -3.612061e-07  1.222384e-05  1.343903e-05  6.300829e-05  1.178526e-04
E_FREQ

B_FREQ 2.511886e+01
  4.267036e-03  1.854612e-03  4.136045e-03  1.830923e-03  1.441599e-04  1.013770e-06  9.556247e-07  1.124296e-06  9.860799e-07
  1.854612e-03  4.290199e-03  1.830717e-03  4.157899e-03  3.339758e-04  7.740130e-07  8.362404e-07  8.819587e-07  1.015582e-06
  4.136045e-03  1.830717e-03  4.314728e-03  1.807334e-03  1.422196e-04  9.459578e-07  8.947921e-07  1.191647e-06  1.044561e-06
  1.830923e-03  4.157899e-03  1.807334e-03  4.337702e-03  3.358255e-04  7.175994e-07  7.719677e-07  9.367144e-07  1.079175e-06
  1.441599e-04  3.339758e-04  1.422196e-04  3.358255e-04  9.928059e-04  -6.594857e-07  -6.434578e-07  -1.236030e-07  -4.052799e-07
  1.013770e-06  7.740130e-07  9.459578e-07  7.175994e-07  -6.594857e-07  1.082733e-04  6.045435e-05  1.341705e-05  1.245446e-05
  9.556247e-07  8.362404e-07  8.947921e-07  7.719677e-07  -6.434578e-07  6.045435e-05  1.122662e-04  1.238631e-05  1.367544e-05
  1.124296e-06  8.819587e-07  1.191647e-06  9.367144e-07  -1.236030e-07  1.341705e-05  1.238631e-05  1.115008e-04  6.331438e-05
  9.860799e-07  1.015582e-06  1.044561e-06  1.079175e-06  -4.052799e-07  1.245446e-05  1.367544e-05  6.331438e-05  1.182458e-04
E_FREQ

B_FREQ 3.162278e+01
  4.269086e-03  1.855458e-03  4.137921e-03  1.831755e-03  1.441826e-04  1.137469e-06  1.072229e-06  1.261481e-06  1.106400e-06
  1.855458e-03  4.292236e-03  1.831550e-03  4.159763e-03  3.344692e-04  8.684569e-07  9.382772e-07  9.895740e-07  1.139502e-06
  4.137921e-03  1.831550e-03  4.316803e-03  1.808154e-03  1.422318e-04  1.061382e-06  1.003973e-06  1.337050e-06  1.172017e-06
  1.831755e-03  4.159763e-03  1.808154e-03  4.339765e-03  3.363183e-04  8.051597e-07  8.661620e-07  1.051011e-06  1.210854e-06
  1.441826e-04  3.344692e-04  1.422318e-04  3.363183e-04  9.954155e-04  -7.399551e-07  -7.219715e-07  -1.386849e-07  -4.547315e-07
  1.137469e-06  8.684569e-07  1.061382e-06  8.051597e-07  -7.399551e-07  1.087265e-04  6.082584e-05  1.367918e-05  1.271322e-05
  1.072229e-06  9.382772e-07  1.003973e-06  8.661620e-07  -7.219715e-07  6.082584e-05  1.127494e-04  1.265131e-05  1.394071e-05
  1.261481e-06  9.895740e-07  1.337050e-06  1.051011e-06  -1.386849e-07  1.367918e-05  1.265131e-05  1.119366e-04  6.365782e-05
  1.106400e-06  1.139502e-06  1.172017e-06  1.210854e-06  -4.547315e-07  1.271322e-05  1.394071e-05  6.365782e-05  1.186870e-04
E_FREQ

B_FREQ 3.981072e+01
  4.271385e-03  1.856407e-03  4.140026e-03  1.832689e-03  1.442082e-04  1.276261e-06  1.203060e-06  1.415405e-06  1.241401e-06
  1.856407e-03  4.294522e-03  1.832485e-03  4.161854e-03  3.350229e-04  9.744247e-07  1.052764e-06  1.110320e-06  1.278542e-06
  4.140026e-03  1.832485e-03  4.319132e-03  1.809074e-03  1.422455e-04  1.190890e-06  1.126477e-06  1.500195e-06  1.315024e-06
  1.832689e-03  4.161854e-03  1.809074e-03  4.342081e-03  3.368713e-04  9.034041e-07  9.718497e-07  1.179254e-06  1.358601e-06
  1.442082e-04  3.350229e-04  1.422455e-04  3.368713e-04  9.983434e-04  -8.302433e-07  -8.100653e-07  -1.556070e-07  -5.102172e-07
  1.276261e-06  9.744247e-07  1.190890e-06  9.034041e-07  -8.302433e-07  1.092349e-04  6.124266e-05  1.397330e-05  1.300356e-05
  1.203060e-06  1.052764e-06  1.126477e-06  9.718497e-07  -8.100653e-07  6.124266e-05  1.132915e-04  1.294865e-05  1.423834e-05
  1.415405e-06  1.110320e-06  1.500195e-06  1.179254e-06  -1.556070e-07  1.397330e-05  1.294865e-05  1.124256e-04  6.404317e-05
  1.241401e-06  1.278542e-06  1.315024e-06  1.358601e-06  -5.102172e-07  1.300356e-05  1.423834e-05  6.404317e-05  1.191820e-04
E_FREQ

B_FREQ 5.011872e+01
  4.273964e-03  1.857472e-03  4.142387e-03  1.833737e-03  1.442368e-04  1.431988e-06  1.349856e-06  1.588110e-06  1.392875e-06
  1.857472e-03  4.297088e-03  1.833533e-03  4.164199e-03  3.356441e-04  1.093322e-06  1.181221e-06  1.245800e-06  1.434548e-06
  4.142387e-03  1.833533e-03  4.321744e-03  1.810106e-03  1.422609e-04  1.336201e-06  1.263927e-06  1.683247e-06  1.475481e-06
  1.833737e-03  4.164199e-03  1.810106e-03  4.344678e-03  3.374917e-04  1.013636e-06  1.090433e-06  1.323144e-06  1.524375e-06
  1.442368e-04  3.356441e-04  1.422609e-04  3.374917e-04  1.001629e-03  -9.315483e-07  -9.089082e-07  -1.745939e-07  -5.724731e-07
  1.431988e-06  1.093322e-06  1.336201e-06  1.013636e-06  -9.315483e-07  1.098054e-04  6.171033e-05  1.430331e-05  1.332932e-05
  1.349856e-06  1.181221e-06  1.263927e-06  1.090433e-06  -9.089082e-07  6.171033e-05  1.138998e-04  1.328227e-05  1.457229e-05
  1.588110e-06  1.245800e-06  1.683247e-06  1.323144e-06  -1.745939e-07  1.430331e-05  1.328227e-05  1.129742e-04  6.447553e-05
  1.392875e-06  1.434548e-06  1.475481e-06  1.524375e-06  -5.724731e-07  1.332932e-05  1.457229e-05  6.447553e-05  1.197375e-04
E_FREQ

B_FREQ 6.309573e+01
  4.276859e-03  1.858667e-03  4.145037e-03  1.834913e-03  1.442690e-04  1.606717e-06  1.514563e-06  1.781889e-06  1.562831e-06
  1.858667e-03  4.299966e-03  1.834710e-03  4.166832e-03  3.363412e-04  1.226728e-06  1.325352e-06  1.397810e-06  1.609589e-06
  4.145037e-03  1.834710e-03  4.324675e-03  1.811264e-03  1.422781e-04  1.499242e-06  1.418150e-06  1.888634e-06  1.655517e-06
  1.834913e-03  4.166832e-03  1.811264e-03  4.347593e-03  3.381879e-04  1.137318e-06  1.223486e-06  1.484592e-06  1.710377e-06
  1.442690e-04  3.363412e-04  1.422781e-04  3.381879e-04  1.005315e-03  -1.045214e-06  -1.019812e-06  -1.958976e-07  -6.423253e-07
  1.606717e-06  1.226728e-06  1.499242e-06  1.137318e-06  -1.045214e-06  1.104456e-04  6.223507e-05  1.467358e-05  1.369483e-05
  1.514563e-06  1.325352e-06  1.418150e-06  1.223486e-06  -1.019812e-06  6.223507e-05  1.145823e-04  1.365660e-05  1.494698e-05
  1.781889e-06  1.397810e-06  1.888634e-06  1.484592e-06  -1.958976e-07  1.467358e-05  1.365660e-05  1.135898e-04  6.496066e-05
  1.562831e-06  1.609589e-06  1.655517e-06  1.710377e-06  -6.423253e-07  1.369483e-05  1.494698e-05  6.496066e-05  1.203607e-04
E_FREQ

B_FREQ 7.943282e+01
  4.280106e-03  1.860007e-03  4.148010e-03  1.836233e-03  1.443050e-04  1.802766e-06  1.699368e-06  1.999312e-06  1.753526e-06
  1.860007e-03  4.303195e-03  1.836030e-03  4.169785e-03  3.371232e-04  1.376411e-06  1.487069e-06  1.568369e-06  1.805989e-06
  4.148010e-03  1.836030e-03  4.327964e-03  1.812563e-03  1.422974e-04  1.682177e-06  1.591190e-06  2.119082e-06  1.857521e-06
  1.836233e-03  4.169785e-03  1.812563e-03  4.350863e-03  3.389690e-04  1.276092e-06  1.372774e-06  1.665740e-06  1.919074e-06
  1.443050e-04  3.371232e-04  1.422974e-04  3.389690e-04  1.009451e-03  -1.172750e-06  -1.144248e-06  -2.198008e-07  -7.207009e-07
  1.802766e-06  1.376411e-06  1.682177e-06  1.276092e-06  -1.172750e-06  1.111638e-04  6.282384e-05  1.508903e-05  1.410494e-05
  1.699368e-06  1.487069e-06  1.591190e-06  1.372774e-06  -1.144248e-06  6.282384e-05  1.153481e-04  1.407660e-05  1.536740e-05
  1.999312e-06  1.568369e-06  2.119082e-06  1.665740e-06  -2.198008e-07  1.508903e-05  1.407660e-05  1.142806e-04  6.550497e-05
  1.753526e-06  1.805989e-06  1.857521e-06  1.919074e-06  -7.207009e-07  1.410494e-05  1.536740e-05  6.550497e-05  1.210599e-04
E_FREQ

B_FREQ 1.000000e+02
  4.283750e-03  1.861511e-03  4.151346e-03  1.837713e-03  1.443455e-04  2.022737e-06  1.906722e-06  2.243265e-06  1.967488e-06
  1.861511e-03  4.306818e-03  1.837511e-03  4.173099e-03  3.380007e-04  1.544359e-06  1.668519e-06  1.759739e-06  2.026353e-06
  4.151346e-03  1.837511e-03  4.331654e-03  1.814021e-03  1.423191e-04  1.887434e-06  1.785345e-06  2.377649e-06  2.084173e-06
  1.837713e-03  4.173099e-03  1.814021e-03  4.354533e-03  3.398454e-04  1.431799e-06  1.540278e-06  1.868991e-06  2.153237e-06
  1.443455e-04  3.380007e-04  1.423191e-04  3.398454e-04  1.014091e-03  -1.315847e-06  -1.283867e-06  -2.466205e-07  -8.086397e-07
  2.022737e-06  1.544359e-06  1.887434e-06  1.431799e-06  -1.315847e-06  1.119696e-04  6.348444e-05  1.555518e-05  1.456509e-05
  1.906722e-06  1.668519e-06  1.785345e-06  1.540278e-06  -1.283867e-06  6.348444e-05  1.162073e-04  1.454785e-05  1.583911e-05
  2.243265e-06  1.759739e-06  2.377649e-06  1.868991e-06  -2.466205e-07  1.555518e-05  1.454785e-05  1.150555e-04  6.611571e-05
  1.967488e-06  2.026353e-06  2.084173e-06  2.153237e-06  -8.086397e-07  1.456509e-05  1.583911e-05  6.611571e-05  1.218444e-04
E_FREQ

B_FREQ 1.258925e+02
  4.287839e-03  1.863199e-03  4.155089e-03  1.839374e-03  1.443909e-04  2.269548e-06  2.139377e-06  2.516985e-06  2.207558e-06
  1.863199e-03  4.310884e-03  1.839173e-03  4.176816e-03  3.389853e-04  1.732799e-06  1.872109e-06  1.974460e-06  2.273605e-06
  4.155089e-03  1.839173e-03  4.335794e-03  1.815657e-03  1.423434e-04  2.117736e-06  2.003190e-06  2.667766e-06  2.338481e-06
  1.839374e-03  4.176816e-03  1.815657e-03  4.358650e-03  3.408287e-04  1.606505e-06  1.728220e-06  2.097042e-06  2.415972e-06
  1.443909e-04  3.389853e-04  1.423434e-04  3.408287e-04  1.019298e-03  -1.476405e-06  -1.440522e-06  -2.767128e-07  -9.073087e-07
  2.269548e-06  1.732799e-06  2.117736e-06  1.606505e-06  -1.476405e-06  1.128738e-04  6.422566e-05  1.607821e-05  1.508139e-05
  2.139377e-06  1.872109e-06  2.003190e-06  1.728220e-06  -1.440522e-06  6.422566e-05  1.171713e-04  1.507660e-05  1.636838e-05
  2.516985e-06  1.974460e-06  2.667766e-06  2.097042e-06  -2.767128e-07  1.607821e-05  1.507660e-05  1.159251e-04  6.680096e-05
  2.207558e-06  2.273605e-06  2.338481e-06  2.415972e-06  -9.073087e-07  1.508139e-05  1.636838e-05  6.680096e-05  1.227247e-04
E_FREQ

B_FREQ 1.584893e+02
  4.292426e-03  1.865093e-03  4.159289e-03  1.841238e-03  1.444419e-04  2.546475e-06  2.400421e-06  2.824103e-06  2.476921e-06
  1.865093e-03  4.315445e-03  1.841038e-03  4.180988e-03  3.400900e-04  1.944233e-06  2.100541e-06  2.215380e-06  2.551027e-06
  4.159289e-03  1.841038e-03  4.340440e-03  1.817493e-03  1.423707e-04  2.376139e-06  2.247616e-06  2.993283e-06  2.623818e-06
  1.841238e-03  4.180988e-03  1.817493e-03  4.363269e-03  3.419320e-04  1.802528e-06  1.939095e-06  2.352920e-06  2.710765e-06
  1.444419e-04  3.400900e-04  1.423707e-04  3.419320e-04  1.025140e-03  -1.656553e-06  -1.616293e-06  -3.104768e-07  -1.018017e-06
  2.546475e-06  1.944233e-06  2.376139e-06  1.802528e-06  -1.656553e-06  1.138883e-04  6.505731e-05  1.666505e-05  1.566068e-05
  2.400421e-06  2.100541e-06  2.247616e-06  1.939095e-06  -1.616293e-06  6.505731e-05  1.182530e-04  1.566987e-05  1.696223e-05
  2.824103e-06  2.215380e-06  2.993283e-06  2.352920e-06  -3.104768e-07  1.666505e-05  1.566987e-05  1.169008e-04  6.756983e-05
  2.476921e-06  2.551027e-06  2.623818e-06  2.710765e-06  -1.018017e-06  1.566068e-05  1.696223e-05  6.756983e-05  1.237124e-04
E_FREQ

B_FREQ 1.995262e+02
  4.297573e-03  1.867217e-03  4.164001e-03  1.843329e-03  1.444991e-04  2.857192e-06  2.693316e-06  3.168696e-06  2.779151e-06
  1.867217e-03  4.320563e-03  1.843130e-03  4.185669e-03  3.413295e-04  2.181465e-06  2.356846e-06  2.485697e-06  2.862300e-06
  4.164001e-03  1.843130e-03  4.345652e-03  1.819552e-03  1.424013e-04  2.666071e-06  2.521867e-06  3.358518e-06  2.943973e-06
  1.843329e-03  4.185669e-03  1.819552e-03  4.368453e-03  3.431700e-04  2.022470e-06  2.175701e-06  2.640020e-06  3.041528e-06
  1.444991e-04  3.413295e-04  1.424013e-04  3.431700e-04  1.031695e-03  -1.858683e-06  -1.813510e-06  -3.483607e-07  -1.142234e-06
  2.857192e-06  2.181465e-06  2.666071e-06  2.022470e-06  -1.858683e-06  1.150266e-04  6.599045e-05  1.732350e-05  1.631066e-05
  2.693316e-06  2.356846e-06  2.521867e-06  2.175701e-06  -1.813510e-06  6.599045e-05  1.194667e-04  1.633553e-05  1.762854e-05
  3.168696e-06  2.485697e-06  3.358518e-06  2.640020e-06  -3.483607e-07  1.732350e-05  1.633553e-05  1.179955e-04  6.843251e-05
  2.779151e-06  2.862300e-06  2.943973e-06  3.041528e-06  -1.142234e-06  1.631066e-05  1.762854e-05  6.843251e-05  1.248206e-04
E_FREQ

B_FREQ 2.511886e+02
  4.303348e-03  1.869601e-03  4.169288e-03  1.845675e-03  1.445632e-04  3.205822e-06  3.021951e-06  3.555335e-06  3.118258e-06
  1.869601e-03  4.326306e-03  1.845477e-03  4.190921e-03  3.427202e-04  2.447644e-06  2.644424e-06  2.788998e-06  3.211553e-06
  4.169288e-03  1.845477e-03  4.351501e-03  1.821863e-03  1.424357e-04  2.991381e-06  2.829581e-06  3.768320e-06  3.303192e-06
  1.845675e-03  4.190921e-03  1.821863e-03  4.374268e-03  3.445589e-04  2.269248e-06  2.441176e-06  2.962151e-06  3.412651e-06
  1.445632e-04  3.427202e-04  1.424357e-04  3.445589e-04  1.039049e-03  -2.085477e-06  -2.034792e-06  -3.908672e-07  -1.281608e-06
  3.205822e-06  2.447644e-06  2.991381e-06  2.269248e-06  -2.085477e-06  1.163038e-04  6.703744e-05  1.806229e-05  1.703995e-05
  3.021951e-06  2.644424e-06  2.829581e-06  2.441176e-06  -2.034792e-06  6.703744e-05  1.208285e-04  1.708241e-05  1.837616e-05
  3.555335e-06  2.788998e-06  3.768320e-06  2.962151e-06  -3.908672e-07  1.806229e-05  1.708241e-05  1.192238e-04  6.940046e-05
  3.118258e-06  3.211553e-06  3.303192e-06  3.412651e-06  -1.281608e-06  1.703995e-05  1.837616e-05  6.940046e-05  1.260641e-04
E_FREQ

B_FREQ 3.162278e+02
  4.309828e-03  1.872276e-03  4.175220e-03  1.848308e-03  1.446352e-04  3.596992e-06  3.390684e-06  3.989152e-06  3.498743e-06
  1.872276e-03  4.332749e-03  1.848111e-03  4.196813e-03  3.442807e-04  2.746302e-06  2.967093e-06  3.129308e-06  3.603422e-06
  4.175220e-03  1.848111e-03  4.358063e-03  1.824455e-03  1.424743e-04  3.356385e-06  3.174842e-06  4.228124e-06  3.706242e-06
  1.848308e-03  4.196813e-03  1.824455e-03  4.380793e-03  3.461174e-04  2.546139e-06  2.739045e-06  3.323588e-06  3.829057e-06
  1.446352e-04  3.442807e-04  1.424743e-04  3.461174e-04  1.047301e-03  -2.339944e-06  -2.283074e-06  -4.385602e-07  -1.437987e-06
  3.596992e-06  2.746302e-06  3.356385e-06  2.546139e-06  -2.339944e-06  1.177369e-04  6.821218e-05  1.889123e-05  1.785822e-05
  3.390684e-06  2.967093e-06  3.174842e-06  2.739045e-06  -2.283074e-06  6.821218e-05  1.223564e-04  1.792042e-05  1.921499e-05
  3.989152e-06  3.129308e-06  4.228124e-06  3.323588e-06  -4.385602e-07  1.889123e-05  1.792042e-05  1.206019e-04  7.048651e-05
  3.498743e-06  3.603422e-06  3.706242e-06  3.829057e-06  -1.437987e-06  1.785822e-05  1.921499e-05  7.048651e-05  1.274592e-04
E_FREQ

B_FREQ 3.981072e+02
  4.317099e-03  1.875277e-03  4.181876e-03  1.851262e-03  1.447160e-04  4.035891e-06  3.804411e-06  4.475902e-06  3.925655e-06
  1.875277e-03  4.339979e-03  1.851066e-03  4.203425e-03  3.460315e-04  3.081401e-06  3.329133e-06  3.511141e-06  4.043106e-06
  4.181876e-03  1.851066e-03  4.365425e-03  1.827364e-03  1.425175e-04  3.765926e-06  3.562232e-06  4.744033e-06  4.158472e-06
  1.851262e-03  4.203425e-03  1.827364e-03  4.388115e-03  3.478661e-04  2.856815e-06  3.073259e-06  3.729127e-06  4.296273e-06
  1.447160e-04  3.460315e-04  1.425175e-04  3.478661e-04  1.056560e-03  -2.625460e-06  -2.561651e-06  -4.920726e-07  -1.613448e-06
  4.035891e-06  3.081401e-06  3.765926e-06  2.856815e-06  -2.625460e-06  1.193448e-04  6.953027e-05  1.982131e-05  1.877634e-05
  3.804411e-06  3.329133e-06  3.562232e-06  3.073259e-06  -2.561651e-06  6.953027e-05  1.240707e-04  1.886069e-05  2.015619e-05
  4.475902e-06  3.511141e-06  4.744033e-06  3.729127e-06  -4.920726e-07  1.982131e-05  1.886069e-05  1.221482e-04  7.170509e-05
  3.925655e-06  4.043106e-06  4.158472e-06  4.296273e-06  -1.613448e-06  1.877634e-05  2.015619e-05  7.170509e-05  1.290246e-04
E_FREQ

B_FREQ 5.011872e+02
  4.325256e-03  1.878644e-03  4.189344e-03  1.854576e-03  1.448066e-04  4.528344e-06  4.268619e-06  5.022045e-06  4.404657e-06
  1.878644e-03  4.348091e-03  1.854382e-03  4.210843e-03  3.479960e-04  3.457389e-06  3.735349e-06  3.939565e-06  4.536439e-06
  4.189344e-03  1.854382e-03  4.373686e-03  1.830628e-03  1.425661e-04  4.225438e-06  3.996890e-06  5.322893e-06  4.665882e-06
  1.854576e-03  4.210843e-03  1.830628e-03  4.396330e-03  3.498281e-04  3.205399e-06  3.448253e-06  4.184150e-06  4.820497e-06
  1.448066e-04  3.479960e-04  1.425661e-04  3.498281e-04  1.066949e-03  -2.945814e-06  -2.874220e-06  -5.521145e-07  -1.810319e-06
  4.528344e-06  3.457389e-06  4.225438e-06  3.205399e-06  -2.945814e-06  1.211488e-04  7.100918e-05  2.086489e-05  1.980649e-05
  4.268619e-06  3.735349e-06  3.996890e-06  3.448253e-06  -2.874220e-06  7.100918e-05  1.259943e-04  1.991569e-05  2.121222e-05
  5.022045e-06  3.939565e-06  5.322893e-06  4.184150e-06  -5.521145e-07  2.086489e-05  1.991569e-05  1.238832e-04  7.307235e-05
  4.404657e-06  4.536439e-06  4.665882e-06  4.820497e-06  -1.810319e-06  1.980649e-05  2.121222e-05  7.307235e-05  1.307810e-04
E_FREQ

B_FREQ 6.309573e+02
  4.334409e-03  1.882423e-03  4.197723e-03  1.858294e-03  1.449083e-04  5.080886e-06  4.789469e-06  5.634827e-06  4.942106e-06
  1.882423e-03  4.357192e-03  1.858103e-03  4.219166e-03  3.502002e-04  3.879254e-06  4.191130e-06  4.420265e-06  5.089969e-06
  4.197723e-03  1.858103e-03  4.382955e-03  1.834290e-03  1.426205e-04  4.741020e-06  4.484584e-06  5.972384e-06  5.235206e-06
  1.858294e-03  4.219166e-03  1.834290e-03  4.405547e-03  3.520295e-04  3.596516e-06  3.869003e-06  4.694693e-06  5.408687e-06
  1.449083e-04  3.502002e-04  1.426205e-04  3.520295e-04  1.078606e-03  -3.305258e-06  -3.224928e-06  -6.194827e-07  -2.031211e-06
  5.080886e-06  3.879254e-06  4.741020e-06  3.596516e-06  -3.305258e-06  1.231731e-04  7.266856e-05  2.203579e-05  2.096234e-05
  4.789469e-06  4.191130e-06  4.484584e-06  3.869003e-06  -3.224928e-06  7.266856e-05  1.281525e-04  2.109941e-05  2.239711e-05
  5.634827e-06  4.420265e-06  5.972384e-06  4.694693e-06  -6.194827e-07  2.203579e-05  2.109941e-05  1.258299e-04  7.460644e-05
  4.942106e-06  5.089969e-06  5.235206e-06  5.408687e-06  -2.031211e-06  2.096234e-05  2.239711e-05  7.460644e-05  1.327517e-04
E_FREQ

B_FREQ 7.943282e+02
  4.344679e-03  1.886662e-03  4.207125e-03  1.862467e-03  1.450223e-04  5.700847e-06  5.373873e-06  6.322380e-06  5.545135e-06
  1.886662e-03  4.367404e-03  1.862277e-03  4.228506e-03  3.526733e-04  4.352595e-06  4.702525e-06  4.959618e-06  5.711039e-06
  4.207125e-03  1.862277e-03  4.393355e-03  1.838399e-03  1.426816e-04  5.319512e-06  5.031786e-06  6.701125e-06  5.873998e-06
  1.862467e-03  4.228506e-03  1.838399e-03  4.415888e-03  3.544995e-04  4.035358e-06  4.341093e-06  5.267532e-06  6.068646e-06
  1.450223e-04  3.526733e-04  1.426816e-04  3.544995e-04  1.091684e-03  -3.708561e-06  -3.618429e-06  -6.950710e-07  -2.279056e-06
  5.700847e-06  4.352595e-06  5.319512e-06  4.035358e-06  -3.708561e-06  1.254443e-04  7.453040e-05  2.334957e-05  2.225921e-05
  5.373873e-06  4.702525e-06  5.031786e-06  4.341093e-06  -3.618429e-06  7.453040e-05  1.305741e-04  2.242758e-05  2.372658e-05
  6.322380e-06  4.959618e-06  6.701125e-06  5.267532e-06  -6.950710e-07  2.334957e-05  2.242758e-05  1.280142e-04  7.632772e-05
  5.545135e-06  5.711039e-06  5.873998e-06  6.068646e-06  -2.279056e-06  2.225921e-05  2.372658e-05  7.632772e-05  1.349629e-04
E_FREQ

B_FREQ 1.000000e+03
  4.356202e-03  1.891418e-03  4.217674e-03  1.867148e-03  1.451504e-04  6.396456e-06  6.029584e-06  7.093827e-06  6.221743e-06
  1.891418e-03  4.378862e-03  1.866961e-03  4.238984e-03  3.554482e-04  4.883692e-06  5.276320e-06  5.564783e-06  6.407891e-06
  4.217674e-03  1.866961e-03  4.405024e-03  1.843009e-03  1.427502e-04  5.968590e-06  5.645757e-06  7.518786e-06  6.590734e-06
  1.867148e-03  4.238984e-03  1.843009e-03  4.427492e-03  3.572709e-04  4.527746e-06  4.870787e-06  5.910268e-06  6.809133e-06
  1.451504e-04  3.554482e-04  1.427502e-04  3.572709e-04  1.106359e-03  -4.161074e-06  -4.059944e-06  -7.798825e-07  -2.557143e-06
  6.396456e-06  4.883692e-06  5.968590e-06  4.527746e-06  -4.161074e-06  1.279926e-04  7.661942e-05  2.482366e-05  2.371434e-05
  6.029584e-06  5.276320e-06  5.645757e-06  4.870787e-06  -4.059944e-06  7.661942e-05  1.332912e-04  2.391780e-05  2.521826e-05
  7.093827e-06  5.564783e-06  7.518786e-06  5.910268e-06  -7.798825e-07  2.482366e-05  2.391780e-05  1.304649e-04  7.825903e-05
  6.221743e-06  6.407891e-06  6.590734e-06  6.809133e-06  -2.557143e-06  2.371434e-05  2.521826e-05  7.825903e-05  1.374439e-04
E_FREQ

B_FREQ 1.258925e+03
  4.369131e-03  1.896755e-03  4.229510e-03  1.872401e-03  1.452940e-04  7.176942e-06  6.765305e-06  7.959405e-06  6.980911e-06
  1.896755e-03  4.391718e-03  1.872217e-03  4.250741e-03  3.585617e-04  5.479593e-06  5.920129e-06  6.243790e-06  7.189772e-06
  4.229510e-03  1.872217e-03  4.418117e-03  1.848182e-03  1.428271e-04  6.696869e-06  6.334643e-06  8.436217e-06  7.394925e-06
  1.872401e-03  4.250741e-03  1.848182e-03  4.440511e-03  3.603805e-04  5.080215e-06  5.465113e-06  6.631430e-06  7.639973e-06
  1.452940e-04  3.585617e-04  1.428271e-04  3.603805e-04  1.122824e-03  -4.668801e-06  -4.555332e-06  -8.750426e-07  -2.869162e-06
  7.176942e-06  5.479593e-06  6.696869e-06  5.080215e-06  -4.668801e-06  1.308519e-04  7.896335e-05  2.647761e-05  2.534701e-05
  6.765305e-06  5.920129e-06  6.334643e-06  5.465113e-06  -4.555332e-06  7.896335e-05  1.363398e-04  2.558986e-05  2.689196e-05
  7.959405e-06  6.243790e-06  8.436217e-06  6.631430e-06  -8.750426e-07  2.647761e-05  2.558986e-05  1.332147e-04  8.042599e-05
  6.980911e-06  7.189772e-06  7.394925e-06  7.639973e-06  -2.869162e-06  2.534701e-05  2.689196e-05  8.042599e-05  1.402276e-04
E_FREQ

B_FREQ 1.584893e+03
  4.383638e-03  1.902743e-03  4.242791e-03  1.878295e-03  1.454551e-04  8.052661e-06  7.590797e-06  8.930599e-06  7.832711e-06
  1.902743e-03  4.406143e-03  1.878113e-03  4.263933e-03  3.620551e-04  6.148204e-06  6.642494e-06  7.005647e-06  8.067057e-06
  4.242791e-03  1.878113e-03  4.432808e-03  1.853986e-03  1.429135e-04  7.514010e-06  7.107586e-06  9.465591e-06  8.297242e-06
  1.878295e-03  4.263933e-03  1.853986e-03  4.455120e-03  3.638694e-04  5.700094e-06  6.131957e-06  7.440587e-06  8.572191e-06
  1.454551e-04  3.620551e-04  1.429135e-04  3.638694e-04  1.141298e-03  -5.238481e-06  -5.111167e-06  -9.818139e-07  -3.219253e-06
