B_PARAMS
 CapMat 2
  Net0:XW_GND  6.364274e-11 -6.364274e-11
  Net1:XW_V1P0_S0  -6.364274e-11 6.364274e-11
 EndCapMat

 ResMat 17
  Net0:U2A5_GND_Group  9.595028e-02 8.531992e-02 -4.005934e-02 4.795834e-02 8.644496e-02 8.086489e-02 8.804105e-02 8.804307e-02 8.804337e-02 8.804127e-02 8.804271e-02 8.803490e-02 8.804069e-02 8.803744e-02 8.803774e-02 6.677465e-02 6.933660e-02
  Net1:U2A5_V1P0_S0_Group  8.531992e-02 1.017914e-01 -4.014092e-02 4.962032e-02 8.539528e-02 8.164606e-02 8.978312e-02 8.978672e-02 8.978651e-02 8.978478e-02 8.978490e-02 8.977816e-02 8.978177e-02 8.977673e-02 8.977667e-02 6.712395e-02 6.971404e-02
  Net1:Group_602433-081_C2B2_V1P0_S0_2  -4.005934e-02 -4.014092e-02 5.743842e-02 1.410262e-02 -4.049541e-02 -3.827796e-02 -4.335912e-02 -4.336188e-02 -4.335984e-02 -4.336526e-02 -4.336693e-02 -4.336351e-02 -4.336178e-02 -4.336461e-02 -4.336340e-02 -3.004449e-02 -3.092245e-02
  Net1:Group_602433-081_C3B10_V1P0_S0_2  4.795834e-02 4.962032e-02 1.410262e-02 7.512582e-02 4.757496e-02 4.537040e-02 5.998382e-02 5.979542e-02 6.016686e-02 5.917265e-02 5.913454e-02 5.871296e-02 5.957074e-02 5.883410e-02 5.894780e-02 3.856253e-02 4.027148e-02
  Net1:Group_A36096-108_C3L22_V1P0_S0_2  8.644496e-02 8.539528e-02 -4.049541e-02 4.757496e-02 1.032665e-01 8.115598e-02 8.809399e-02 8.809622e-02 8.809656e-02 8.809417e-02 8.809546e-02 8.808746e-02 8.809348e-02 8.809006e-02 8.809041e-02 6.699814e-02 6.955460e-02
  Net1:Group_C83410-012_C3L15_V1P0_S0_2  8.086489e-02 8.164606e-02 -3.827796e-02 4.537040e-02 8.115598e-02 9.684075e-02 8.367023e-02 8.367254e-02 8.367243e-02 8.367131e-02 8.367238e-02 8.366579e-02 8.366995e-02 8.366698e-02 8.366709e-02 6.571135e-02 6.829675e-02
  Net1:Group_C83410-012_C3L17_V1P0_S0_2  8.804105e-02 8.978312e-02 -4.335912e-02 5.998382e-02 8.809399e-02 8.367023e-02 1.092261e-01 1.037807e-01 1.047784e-01 1.028160e-01 1.029479e-01 1.023003e-01 1.051849e-01 1.026270e-01 1.029767e-01 6.862413e-02 7.121127e-02
  Net1:Group_C83410-012_C3L18_V1P0_S0_2  8.804307e-02 8.978672e-02 -4.336188e-02 5.979542e-02 8.809622e-02 8.367254e-02 1.037807e-01 1.103614e-01 1.059127e-01 1.039502e-01 1.032946e-01 1.024735e-01 1.031789e-01 1.024087e-01 1.024975e-01 6.862587e-02 7.121303e-02
  Net1:Group_C83410-012_C3L20_V1P0_S0_2  8.804337e-02 8.978651e-02 -4.335984e-02 6.016686e-02 8.809656e-02 8.367243e-02 1.047784e-01 1.059127e-01 1.103166e-01 1.033168e-01 1.030369e-01 1.023626e-01 1.036574e-01 1.024478e-01 1.026141e-01 6.862551e-02 7.121270e-02
  Net1:Group_C83410-012_C3L24_V1P0_S0_2  8.804127e-02 8.978478e-02 -4.336526e-02 5.917265e-02 8.809417e-02 8.367131e-02 1.028160e-01 1.039502e-01 1.033168e-01 1.081058e-01 1.038362e-01 1.029161e-01 1.027505e-01 1.025192e-01 1.024946e-01 6.862532e-02 7.121239e-02
  Net1:Group_C83410-012_C3L26_V1P0_S0_2  8.804271e-02 8.978490e-02 -4.336693e-02 5.913454e-02 8.809546e-02 8.367238e-02 1.029479e-01 1.032946e-01 1.030369e-01 1.038362e-01 1.076864e-01 1.028871e-01 1.031413e-01 1.029620e-01 1.029772e-01 6.862618e-02 7.121327e-02
  Net1:Group_C83410-012_C3L28_V1P0_S0_2  8.803490e-02 8.977816e-02 -4.336351e-02 5.871296e-02 8.808746e-02 8.366579e-02 1.023003e-01 1.024735e-01 1.023626e-01 1.029161e-01 1.028871e-01 1.086511e-01 1.024419e-01 1.032402e-01 1.027136e-01 6.862160e-02 7.120854e-02
  Net1:Group_C83410-012_C3L29_V1P0_S0_2  8.804069e-02 8.978177e-02 -4.336178e-02 5.957074e-02 8.809348e-02 8.366995e-02 1.051849e-01 1.031789e-01 1.036574e-01 1.027505e-01 1.031413e-01 1.024419e-01 1.089149e-01 1.030032e-01 1.035868e-01 6.862415e-02 7.121124e-02
  Net1:Group_C97875-001_C3B11_V1P0_S0_2  8.803744e-02 8.977673e-02 -4.336461e-02 5.883410e-02 8.809006e-02 8.366698e-02 1.026270e-01 1.024087e-01 1.024478e-01 1.025192e-01 1.029620e-01 1.032402e-01 1.030032e-01 1.080655e-01 1.045291e-01 6.862225e-02 7.120921e-02
  Net1:Group_C97875-001_C3B9_V1P0_S0_2  8.803774e-02 8.977667e-02 -4.336340e-02 5.894780e-02 8.809041e-02 8.366709e-02 1.029767e-01 1.024975e-01 1.026141e-01 1.024946e-01 1.029772e-01 1.027136e-01 1.035868e-01 1.045291e-01 1.087237e-01 6.862233e-02 7.120932e-02
  Net1:Group_E16347-001_C2B12_V1P0_S0_2  6.677465e-02 6.712395e-02 -3.004449e-02 3.856253e-02 6.699814e-02 6.571135e-02 6.862413e-02 6.862587e-02 6.862551e-02 6.862532e-02 6.862618e-02 6.862160e-02 6.862415e-02 6.862225e-02 6.862233e-02 6.891990e-02 6.266276e-02
  Net1:Group_E16347-001_C3B17_V1P0_S0_2  6.933660e-02 6.971404e-02 -3.092245e-02 4.027148e-02 6.955460e-02 6.829675e-02 7.121127e-02 7.121303e-02 7.121270e-02 7.121239e-02 7.121327e-02 7.120854e-02 7.121124e-02 7.120921e-02 7.120932e-02 6.266276e-02 6.983866e-02
 EndResMat

 IndMat 17
  Net0:U2A5_GND_Group  2.576756e-09 1.853463e-09 -1.609601e-09 2.878387e-10 2.087181e-09 1.786764e-09 1.897663e-09 1.897684e-09 1.897667e-09 1.897691e-09 1.897712e-09 1.897649e-09 1.897677e-09 1.897671e-09 1.897675e-09 1.186355e-09 1.194598e-09
  Net1:U2A5_V1P0_S0_Group  1.853463e-09 2.635031e-09 -1.671832e-09 3.380446e-10 1.844968e-09 1.750087e-09 2.010105e-09 2.010139e-09 2.010116e-09 2.010148e-09 2.010158e-09 2.010111e-09 2.010114e-09 2.010093e-09 2.010096e-09 1.192829e-09 1.201105e-09
  Net1:Group_602433-081_C2B2_V1P0_S0_2  -1.609601e-09 -1.671832e-09 1.929455e-09 1.242581e-10 -1.617028e-09 -1.527985e-09 -1.805426e-09 -1.805451e-09 -1.805427e-09 -1.805469e-09 -1.805489e-09 -1.805433e-09 -1.805446e-09 -1.805450e-09 -1.805452e-09 -1.136054e-09 -1.138533e-09
  Net1:Group_602433-081_C3B10_V1P0_S0_2  2.878387e-10 3.380446e-10 1.242581e-10 7.360434e-10 2.830798e-10 2.149168e-10 6.047333e-10 6.033755e-10 6.061355e-10 5.983856e-10 5.982228e-10 5.935205e-10 6.017175e-10 5.957440e-10 5.969183e-10 6.967263e-11 7.544198e-11
  Net1:Group_A36096-108_C3L22_V1P0_S0_2  2.087181e-09 1.844968e-09 -1.617028e-09 2.830798e-10 2.813824e-09 1.762912e-09 1.900333e-09 1.900353e-09 1.900336e-09 1.900361e-09 1.900381e-09 1.900318e-09 1.900347e-09 1.900340e-09 1.900345e-09 1.188800e-09 1.197028e-09
  Net1:Group_C83410-012_C3L15_V1P0_S0_2  1.786764e-09 1.750087e-09 -1.527985e-09 2.149168e-10 1.762912e-09 2.341941e-09 1.743110e-09 1.743132e-09 1.743114e-09 1.743143e-09 1.743160e-09 1.743109e-09 1.743124e-09 1.743118e-09 1.743121e-09 1.177762e-09 1.186094e-09
  Net1:Group_C83410-012_C3L17_V1P0_S0_2  1.897663e-09 2.010105e-09 -1.805426e-09 6.047333e-10 1.900333e-09 1.743110e-09 2.631538e-09 2.461354e-09 2.494063e-09 2.445682e-09 2.452012e-09 2.435022e-09 2.518800e-09 2.446625e-09 2.454399e-09 1.205877e-09 1.214125e-09
  Net1:Group_C83410-012_C3L18_V1P0_S0_2  1.897684e-09 2.010139e-09 -1.805451e-09 6.033755e-10 1.900353e-09 1.743132e-09 2.461354e-09 2.713112e-09 2.522068e-09 2.482668e-09 2.467198e-09 2.442032e-09 2.452354e-09 2.442420e-09 2.443394e-09 1.205894e-09 1.214143e-09
  Net1:Group_C83410-012_C3L20_V1P0_S0_2  1.897667e-09 2.010116e-09 -1.805427e-09 6.061355e-10 1.900336e-09 1.743114e-09 2.494063e-09 2.522068e-09 2.683750e-09 2.448330e-09 2.444259e-09 2.427625e-09 2.460562e-09 2.432028e-09 2.435252e-09 1.205878e-09 1.214127e-09
  Net1:Group_C83410-012_C3L24_V1P0_S0_2  1.897691e-09 2.010148e-09 -1.805469e-09 5.983856e-10 1.900361e-09 1.743143e-09 2.445682e-09 2.482668e-09 2.448330e-09 2.648260e-09 2.508387e-09 2.477731e-09 2.458283e-09 2.467382e-09 2.465131e-09 1.205907e-09 1.214155e-09
  Net1:Group_C83410-012_C3L26_V1P0_S0_2  1.897712e-09 2.010158e-09 -1.805489e-09 5.982228e-10 1.900381e-09 1.743160e-09 2.452012e-09 2.467198e-09 2.444259e-09 2.508387e-09 2.619417e-09 2.476377e-09 2.471647e-09 2.481382e-09 2.480535e-09 1.205918e-09 1.214167e-09
  Net1:Group_C83410-012_C3L28_V1P0_S0_2  1.897649e-09 2.010111e-09 -1.805433e-09 5.935205e-10 1.900318e-09 1.743109e-09 2.435022e-09 2.442032e-09 2.427625e-09 2.477731e-09 2.476377e-09 2.687460e-09 2.450968e-09 2.487383e-09 2.471828e-09 1.205888e-09 1.214136e-09
  Net1:Group_C83410-012_C3L29_V1P0_S0_2  1.897677e-09 2.010114e-09 -1.805446e-09 6.017175e-10 1.900347e-09 1.743124e-09 2.518800e-09 2.452354e-09 2.460562e-09 2.458283e-09 2.471647e-09 2.450968e-09 2.670943e-09 2.469680e-09 2.483397e-09 1.205889e-09 1.214138e-09
  Net1:Group_C97875-001_C3B11_V1P0_S0_2  1.897671e-09 2.010093e-09 -1.805450e-09 5.957440e-10 1.900340e-09 1.743118e-09 2.446625e-09 2.442420e-09 2.432028e-09 2.467382e-09 2.481382e-09 2.487383e-09 2.469680e-09 2.653143e-09 2.530811e-09 1.205891e-09 1.214139e-09
  Net1:Group_C97875-001_C3B9_V1P0_S0_2  1.897675e-09 2.010096e-09 -1.805452e-09 5.969183e-10 1.900345e-09 1.743121e-09 2.454399e-09 2.443394e-09 2.435252e-09 2.465131e-09 2.480535e-09 2.471828e-09 2.483397e-09 2.530811e-09 2.675178e-09 1.205891e-09 1.214140e-09
  Net1:Group_E16347-001_C2B12_V1P0_S0_2  1.186355e-09 1.192829e-09 -1.136054e-09 6.967263e-11 1.188800e-09 1.177762e-09 1.205877e-09 1.205894e-09 1.205878e-09 1.205907e-09 1.205918e-09 1.205888e-09 1.205889e-09 1.205891e-09 1.205891e-09 1.352687e-09 1.278638e-09
  Net1:Group_E16347-001_C3B17_V1P0_S0_2  1.194598e-09 1.201105e-09 -1.138533e-09 7.544198e-11 1.197028e-09 1.186094e-09 1.214125e-09 1.214143e-09 1.214127e-09 1.214155e-09 1.214167e-09 1.214136e-09 1.214138e-09 1.214139e-09 1.214140e-09 1.278638e-09 1.325141e-09
 EndIndMat

 CndMat 2
  Net0:XW_GND  1.331106e-03 -1.331106e-03
  Net1:XW_V1P0_S0  -1.331106e-03 1.331106e-03
 EndCndMat

 BranchSrcSnkMap 17
  Net0:U2A5_GND_Group  U2A5-AH17  XW-2
  Net1:U2A5_V1P0_S0_Group  U2A5-AD14  XW-1
  Net1:Group_602433-081_C2B2_V1P0_S0_2  C2B2-1  XW-1
  Net1:Group_602433-081_C3B10_V1P0_S0_2  C3B10-1  XW-1
  Net1:Group_A36096-108_C3L22_V1P0_S0_2  C3L22-1  XW-1
  Net1:Group_C83410-012_C3L15_V1P0_S0_2  C3L15-1  XW-1
  Net1:Group_C83410-012_C3L17_V1P0_S0_2  C3L17-1  XW-1
  Net1:Group_C83410-012_C3L18_V1P0_S0_2  C3L18-1  XW-1
  Net1:Group_C83410-012_C3L20_V1P0_S0_2  C3L20-1  XW-1
  Net1:Group_C83410-012_C3L24_V1P0_S0_2  C3L24-1  XW-1
  Net1:Group_C83410-012_C3L26_V1P0_S0_2  C3L26-1  XW-1
  Net1:Group_C83410-012_C3L28_V1P0_S0_2  C3L28-1  XW-1
  Net1:Group_C83410-012_C3L29_V1P0_S0_2  C3L29-1  XW-1
  Net1:Group_C97875-001_C3B11_V1P0_S0_2  C3B11-1  XW-1
  Net1:Group_C97875-001_C3B9_V1P0_S0_2  C3B9-1  XW-1
  Net1:Group_E16347-001_C2B12_V1P0_S0_2  C2B12-1  XW-1
  Net1:Group_E16347-001_C3B17_V1P0_S0_2  C3B17-1  XW-1
 EndBranchSrcSnkMap

E_PARAMS
