B_PARAMS
 CapMat 32
  RXDATA0+:BGA_RXDATA0+_Group  4.245858e-13 -7.943466e-14 -9.151865e-17 -7.203267e-16 -1.307248e-18 -2.910317e-17 -6.472047e-20 -8.096630e-20 -6.141825e-20 -7.601717e-20 -7.003276e-20 -5.558149e-20 -4.965448e-20 -5.082207e-20 -5.473336e-20 -5.271276e-20 -3.243604e-20 -6.326319e-20 -5.447655e-20 -6.280633e-20 -6.077728e-20 -5.657707e-20 -5.491169e-20 -5.240107e-20 -5.541906e-20 -5.536208e-20 -7.090404e-20 -6.487966e-20 -4.728311e-20 -5.058717e-20 -5.168912e-20 -5.439221e-20
  RXDATA0-:BGA_RXDATA0-_Group  -7.943466e-14 4.359994e-13 -5.433943e-16 -1.806042e-15 -2.563657e-18 -3.092341e-18 -1.608714e-19 -2.863602e-19 -9.967124e-20 -2.205754e-19 -1.441102e-19 -8.083452e-20 -5.171039e-20 -5.223821e-20 -5.279309e-20 -5.264525e-20 -7.081504e-20 -5.865864e-20 -5.735768e-20 -6.222354e-20 -5.119119e-20 -5.231503e-20 -5.620646e-20 -5.841278e-20 -5.181561e-20 -5.882195e-20 -7.182841e-20 -6.873279e-20 -5.589876e-20 -4.499668e-20 -4.558524e-20 -5.075735e-20
  RXDATA1+:BGA_RXDATA1+_Group  -9.151865e-17 -5.433943e-16 4.536512e-13 -9.043920e-14 -3.904366e-16 -9.334432e-16 -3.362783e-19 -6.447694e-19 -1.646256e-19 -4.577742e-19 -2.529472e-19 -9.454207e-20 -6.085621e-20 -6.323639e-20 -6.056859e-20 -5.784062e-20 -5.991298e-20 -5.774947e-20 -7.068082e-20 -6.601055e-20 -6.565134e-20 -6.286094e-20 -6.020299e-20 -5.857163e-20 -6.504434e-20 -6.183977e-20 -7.700384e-20 -7.329991e-20 -5.607202e-20 -5.100490e-20 -5.528295e-20 -5.532874e-20
  RXDATA1-:BGA_RXDATA1-_Group  -7.203267e-16 -1.806042e-15 -9.043920e-14 4.197478e-13 -2.191416e-16 -7.435891e-16 -1.900245e-19 -3.497844e-19 -1.073980e-19 -2.564376e-19 -1.604355e-19 -7.643936e-20 -5.156052e-20 -5.286533e-20 -5.489278e-20 -5.015831e-20 -5.692469e-20 -4.877495e-20 -5.401869e-20 -5.741309e-20 -5.371027e-20 -5.648776e-20 -5.508945e-20 -4.810098e-20 -5.262871e-20 -5.479017e-20 -6.785950e-20 -6.337624e-20 -5.342128e-20 -4.706248e-20 -4.910010e-20 -5.049429e-20
  RXDATA2+:BGA_RXDATA2+_Group  -1.307248e-18 -2.563657e-18 -3.904366e-16 -2.191416e-16 4.097702e-13 -8.227007e-14 -4.278906e-16 -7.010999e-16 -4.230211e-17 -1.039900e-16 -6.366065e-18 -5.252500e-18 -6.056370e-20 -6.311896e-20 -5.950157e-20 -5.324959e-20 -5.850847e-20 -4.940347e-20 -5.841356e-20 -5.872879e-20 -5.638025e-20 -5.160841e-20 -5.298750e-20 -4.847506e-20 -5.207825e-20 -5.450390e-20 -6.793425e-20 -6.434537e-20 -4.850779e-20 -4.331166e-20 -4.879636e-20 -4.947574e-20
  RXDATA2-:BGA_RXDATA2-_Group  -2.910317e-17 -3.092341e-18 -9.334432e-16 -7.435891e-16 -8.227007e-14 3.879378e-13 -2.783329e-16 -4.529756e-16 -3.774820e-17 -7.632165e-17 -7.066050e-18 -5.882899e-18 -5.088040e-20 -5.209311e-20 -5.246553e-20 -4.817658e-20 -5.259710e-20 -4.578996e-20 -5.535066e-20 -5.420165e-20 -5.475426e-20 -5.396016e-20 -5.346126e-20 -4.442435e-20 -5.054044e-20 -5.278995e-20 -6.435966e-20 -6.085696e-20 -5.052695e-20 -4.366494e-20 -4.717311e-20 -4.719535e-20
  RXDATA3+:BGA_RXDATA3+_Group  -6.472047e-20 -1.608714e-19 -3.362783e-19 -1.900245e-19 -4.278906e-16 -2.783329e-16 3.709574e-13 -7.323332e-14 -2.627505e-15 -1.046240e-14 -1.034386e-16 -6.660427e-17 -5.622706e-20 -7.797924e-20 -7.202060e-20 -4.909710e-20 -4.846036e-20 -4.916621e-20 -5.046441e-20 -5.094044e-20 -5.363142e-20 -4.831520e-20 -4.554212e-20 -4.247536e-20 -5.000750e-20 -4.669240e-20 -5.996732e-20 -5.575545e-20 -4.648586e-20 -3.998240e-20 -4.394136e-20 -4.398896e-20
  RXDATA3-:BGA_RXDATA3-_Group  -8.096630e-20 -2.863602e-19 -6.447694e-19 -3.497844e-19 -7.010999e-16 -4.529756e-16 -7.323332e-14 3.721168e-13 -1.111911e-15 -2.854149e-15 -6.537155e-17 -4.568659e-17 -4.633812e-20 -5.021592e-20 -5.132156e-20 -4.669837e-20 -5.142046e-20 -4.666522e-20 -5.255622e-20 -5.300285e-20 -5.117012e-20 -4.924094e-20 -5.000831e-20 -4.294724e-20 -4.811754e-20 -4.913321e-20 -6.150852e-20 -5.778811e-20 -3.920398e-20 -4.395879e-20 -4.425933e-20 -4.511532e-20
  RXDATA4+:BGA_RXDATA4+_Group  -6.141825e-20 -9.967124e-20 -1.646256e-19 -1.073980e-19 -4.230211e-17 -3.774820e-17 -2.627505e-15 -1.111911e-15 4.235481e-13 -8.932430e-14 -1.429374e-15 -7.538901e-16 -3.801485e-19 -2.918294e-19 -1.786540e-19 -1.058873e-19 -5.823495e-20 -5.453070e-20 -5.877365e-20 -5.919577e-20 -5.786458e-20 -5.539337e-20 -5.391538e-20 -5.009612e-20 -5.511830e-20 -5.456898e-20 -6.924675e-20 -6.455371e-20 -4.911160e-20 -4.849578e-20 -4.999141e-20 -5.090457e-20
  RXDATA4-:BGA_RXDATA4-_Group  -7.601717e-20 -2.205754e-19 -4.577742e-19 -2.564376e-19 -1.039900e-16 -7.632165e-17 -1.046240e-14 -2.854149e-15 -8.932430e-14 4.246203e-13 -6.610271e-16 -3.768922e-16 -2.449223e-19 -1.966186e-19 -1.229442e-19 -8.128949e-20 -5.633848e-20 -5.283698e-20 -5.568091e-20 -5.774540e-20 -5.497973e-20 -5.748830e-20 -5.241750e-20 -4.927722e-20 -5.408118e-20 -5.307387e-20 -6.850703e-20 -6.255318e-20 -4.604790e-20 -4.846060e-20 -4.931378e-20 -4.983617e-20
  RXDATA5+:BGA_RXDATA5+_Group  -7.003276e-20 -1.441102e-19 -2.529472e-19 -1.604355e-19 -6.366065e-18 -7.066050e-18 -1.034386e-16 -6.537155e-17 -1.429374e-15 -6.610271e-16 5.216978e-13 -1.156590e-13 -4.086136e-19 -7.907616e-19 -4.431046e-19 -2.121858e-19 -7.342099e-20 -6.699003e-20 -7.212129e-20 -7.556691e-20 -7.340394e-20 -6.959054e-20 -6.651674e-20 -6.194633e-20 -6.739920e-20 -6.768826e-20 -8.624036e-20 -7.931582e-20 -5.998613e-20 -5.979121e-20 -6.116158e-20 -6.467108e-20
  RXDATA5-:BGA_RXDATA5-_Group  -5.558149e-20 -8.083452e-20 -9.454207e-20 -7.643936e-20 -5.252500e-18 -5.882899e-18 -6.660427e-17 -4.568659e-17 -7.538901e-16 -3.768922e-16 -1.156590e-13 5.202924e-13 -7.826934e-19 -1.229025e-18 -7.399413e-19 -3.742128e-19 -6.734678e-20 -6.141715e-20 -6.662404e-20 -6.950186e-20 -6.782673e-20 -6.555883e-20 -6.275167e-20 -5.783676e-20 -6.185564e-20 -6.393854e-20 -7.991833e-20 -7.564847e-20 -5.613251e-20 -5.607051e-20 -5.699686e-20 -5.771321e-20
  RXDATA6+:BGA_RXDATA6+_Group  -4.965448e-20 -5.171039e-20 -6.085621e-20 -5.156052e-20 -6.056370e-20 -5.088040e-20 -5.622706e-20 -4.633812e-20 -3.801485e-19 -2.449223e-19 -4.086136e-19 -7.826934e-19 2.794054e-13 -1.044890e-18 -3.605707e-19 -2.930166e-19 -4.957354e-20 -4.543439e-20 -4.899314e-20 -5.002444e-20 -4.892578e-20 -4.776746e-20 -4.540246e-20 -4.204431e-20 -4.571232e-20 -4.609281e-20 -5.855391e-20 -5.460321e-20 -4.063406e-20 -4.087531e-20 -4.153076e-20 -4.316360e-20
  RXDATA6-:BGA_RXDATA6-_Group  -5.082207e-20 -5.223821e-20 -6.323639e-20 -5.286533e-20 -6.311896e-20 -5.209311e-20 -7.797924e-20 -5.021592e-20 -2.918294e-19 -1.966186e-19 -7.907616e-19 -1.229025e-18 -1.044890e-18 2.829910e-13 -6.073473e-19 -4.088104e-19 -5.030545e-20 -4.610643e-20 -4.983324e-20 -5.066769e-20 -4.968160e-20 -4.864513e-20 -4.612796e-20 -4.287720e-20 -4.639396e-20 -4.678069e-20 -5.932115e-20 -5.560744e-20 -4.135921e-20 -4.152555e-20 -4.228639e-20 -4.359656e-20
  RXDATA7+:BGA_RXDATA7+_Group  -5.473336e-20 -5.279309e-20 -6.056859e-20 -5.489278e-20 -5.950157e-20 -5.246553e-20 -7.202060e-20 -5.132156e-20 -1.786540e-19 -1.229442e-19 -4.431046e-19 -7.399413e-19 -3.605707e-19 -6.073473e-19 3.020427e-13 -3.346198e-19 -5.576349e-20 -4.943325e-20 -5.680490e-20 -5.408854e-20 -5.273658e-20 -5.285525e-20 -4.940628e-20 -4.580915e-20 -5.027193e-20 -4.957795e-20 -6.502683e-20 -5.874914e-20 -4.746551e-20 -4.220144e-20 -4.681600e-20 -5.140747e-20
  RXDATA7-:BGA_RXDATA7-_Group  -5.271276e-20 -5.264525e-20 -5.784062e-20 -5.015831e-20 -5.324959e-20 -4.817658e-20 -4.909710e-20 -4.669837e-20 -1.058873e-19 -8.128949e-20 -2.121858e-19 -3.742128e-19 -2.930166e-19 -4.088104e-19 -3.346198e-19 2.922407e-13 -5.134642e-20 -4.791375e-20 -5.041453e-20 -5.270494e-20 -5.190691e-20 -4.950555e-20 -4.811714e-20 -4.507647e-20 -4.808995e-20 -4.843927e-20 -6.052163e-20 -5.800907e-20 -4.257044e-20 -4.398052e-20 -4.306822e-20 -4.412654e-20
  TXDATA0+:BGA_TXDATA0+_Group  -3.243604e-20 -7.081504e-20 -5.991298e-20 -5.692469e-20 -5.850847e-20 -5.259710e-20 -4.846036e-20 -5.142046e-20 -5.823495e-20 -5.633848e-20 -7.342099e-20 -6.734678e-20 -4.957354e-20 -5.030545e-20 -5.576349e-20 -5.134642e-20 4.222964e-13 -7.914042e-14 -2.895033e-16 -5.371526e-17 -9.116262e-19 -4.759955e-19 -8.182321e-20 -7.041022e-20 -7.763194e-20 -6.698131e-20 -7.287354e-20 -5.827932e-20 -4.963728e-20 -5.194067e-20 -5.165690e-20 -5.436115e-20
  TXDATA0-:BGA_TXDATA0-_Group  -6.326319e-20 -5.865864e-20 -5.774947e-20 -4.877495e-20 -4.940347e-20 -4.578996e-20 -4.916621e-20 -4.666522e-20 -5.453070e-20 -5.283698e-20 -6.699003e-20 -6.141715e-20 -4.543439e-20 -4.610643e-20 -4.943325e-20 -4.791375e-20 -7.914042e-14 4.377007e-13 -7.243260e-16 -2.461838e-16 -2.829806e-19 -2.044231e-19 -2.358594e-19 -1.538939e-19 -1.852438e-19 -1.193213e-19 -1.899786e-19 -7.305579e-20 -4.878852e-20 -4.394376e-20 -4.910856e-20 -5.128406e-20
  TXDATA1+:BGA_TXDATA1+_Group  -5.447655e-20 -5.735768e-20 -7.068082e-20 -5.401869e-20 -5.841356e-20 -5.535066e-20 -5.046441e-20 -5.255622e-20 -5.877365e-20 -5.568091e-20 -7.212129e-20 -6.662404e-20 -4.899314e-20 -4.983324e-20 -5.680490e-20 -5.041453e-20 -2.895033e-16 -7.243260e-16 4.452924e-13 -9.096823e-14 -4.834258e-16 -2.512071e-16 -6.426358e-18 -1.547698e-17 -2.971373e-18 -1.585750e-19 -2.400894e-19 -1.709509e-18 -6.747271e-20 -4.390071e-20 -5.100833e-20 -5.739404e-20
  TXDATA1-:BGA_TXDATA1-_Group  -6.280633e-20 -6.222354e-20 -6.601055e-20 -5.741309e-20 -5.872879e-20 -5.420165e-20 -5.094044e-20 -5.300285e-20 -5.919577e-20 -5.774540e-20 -7.556691e-20 -6.950186e-20 -5.002444e-20 -5.066769e-20 -5.408854e-20 -5.270494e-20 -5.371526e-17 -2.461838e-16 -9.096823e-14 4.538092e-13 -1.155749e-15 -5.367385e-16 -1.215671e-17 -2.760915e-17 -4.232759e-18 -2.225475e-19 -3.583241e-19 -1.999220e-18 -6.113643e-20 -5.726279e-20 -5.304199e-20 -5.989160e-20
  TXDATA2+:BGA_TXDATA2+_Group  -6.077728e-20 -5.119119e-20 -6.565134e-20 -5.371027e-20 -5.638025e-20 -5.475426e-20 -5.363142e-20 -5.117012e-20 -5.786458e-20 -5.497973e-20 -7.340394e-20 -6.782673e-20 -4.892578e-20 -4.968160e-20 -5.273658e-20 -5.190691e-20 -9.116262e-19 -2.829806e-19 -4.834258e-16 -1.155749e-15 4.362736e-13 -8.650563e-14 -3.841886e-16 -2.576630e-16 -1.670499e-17 -9.672728e-18 -9.778718e-19 -9.167355e-19 -5.577660e-20 -5.335621e-20 -4.748708e-20 -5.987221e-20
  TXDATA2-:BGA_TXDATA2-_Group  -5.657707e-20 -5.231503e-20 -6.286094e-20 -5.648776e-20 -5.160841e-20 -5.396016e-20 -4.831520e-20 -4.924094e-20 -5.539337e-20 -5.748830e-20 -6.959054e-20 -6.555883e-20 -4.776746e-20 -4.864513e-20 -5.285525e-20 -4.950555e-20 -4.759955e-19 -2.044231e-19 -2.512071e-16 -5.367385e-16 -8.650563e-14 4.216115e-13 -1.044025e-15 -8.652175e-16 -8.742579e-17 -2.148988e-17 -1.738605e-18 -1.265560e-17 -7.484496e-20 -6.604759e-20 -6.141783e-20 -7.013576e-20
  TXDATA3+:BGA_TXDATA3+_Group  -5.491169e-20 -5.620646e-20 -6.020299e-20 -5.508945e-20 -5.298750e-20 -5.346126e-20 -4.554212e-20 -5.000831e-20 -5.391538e-20 -5.241750e-20 -6.651674e-20 -6.275167e-20 -4.540246e-20 -4.612796e-20 -4.940628e-20 -4.811714e-20 -8.182321e-20 -2.358594e-19 -6.426358e-18 -1.215671e-17 -3.841886e-16 -1.044025e-15 3.901779e-13 -7.137031e-14 -1.013956e-15 -3.924730e-16 -1.273786e-17 -8.286760e-18 -5.498898e-20 -5.844708e-20 -4.918882e-20 -6.118324e-20
  TXDATA3-:BGA_TXDATA3-_Group  -5.240107e-20 -5.841278e-20 -5.857163e-20 -4.810098e-20 -4.847506e-20 -4.442435e-20 -4.247536e-20 -4.294724e-20 -5.009612e-20 -4.927722e-20 -6.194633e-20 -5.783676e-20 -4.204431e-20 -4.287720e-20 -4.580915e-20 -4.507647e-20 -7.041022e-20 -1.538939e-19 -1.547698e-17 -2.760915e-17 -2.576630e-16 -8.652175e-16 -7.137031e-14 3.717705e-13 -4.074434e-15 -1.109177e-15 -2.407469e-17 -5.016169e-17 -8.899869e-20 -1.072832e-19 -5.411918e-20 -1.071999e-19
  TXDATA4+:BGA_TXDATA4+_Group  -5.541906e-20 -5.181561e-20 -6.504434e-20 -5.262871e-20 -5.207825e-20 -5.054044e-20 -5.000750e-20 -4.811754e-20 -5.511830e-20 -5.408118e-20 -6.739920e-20 -6.185564e-20 -4.571232e-20 -4.639396e-20 -5.027193e-20 -4.808995e-20 -7.763194e-20 -1.852438e-19 -2.971373e-18 -4.232759e-18 -1.670499e-17 -8.742579e-17 -1.013956e-15 -4.074434e-15 4.299300e-13 -1.043034e-13 -1.146335e-15 -7.875149e-16 -2.991829e-19 -2.141610e-19 -8.143345e-20 -1.662981e-19
  TXDATA4-:BGA_TXDATA4-_Group  -5.536208e-20 -5.882195e-20 -6.183977e-20 -5.479017e-20 -5.450390e-20 -5.278995e-20 -4.669240e-20 -4.913321e-20 -5.456898e-20 -5.307387e-20 -6.768826e-20 -6.393854e-20 -4.609281e-20 -4.678069e-20 -4.957795e-20 -4.843927e-20 -6.698131e-20 -1.193213e-19 -1.585750e-19 -2.225475e-19 -9.672728e-18 -2.148988e-17 -3.924730e-16 -1.109177e-15 -1.043034e-13 4.297311e-13 -2.394525e-15 -1.160607e-15 -4.595354e-19 -3.189391e-19 -1.044521e-19 -2.510743e-19
  TXDATA5+:BGA_TXDATA5+_Group  -7.090404e-20 -7.182841e-20 -7.700384e-20 -6.785950e-20 -6.793425e-20 -6.435966e-20 -5.996732e-20 -6.150852e-20 -6.924675e-20 -6.850703e-20 -8.624036e-20 -7.991833e-20 -5.855391e-20 -5.932115e-20 -6.502683e-20 -6.052163e-20 -7.287354e-20 -1.899786e-19 -2.400894e-19 -3.583241e-19 -9.778718e-19 -1.738605e-18 -1.273786e-17 -2.407469e-17 -1.146335e-15 -2.394525e-15 5.218752e-13 -1.162894e-13 -4.393757e-19 -7.932210e-19 -2.203218e-19 -5.529545e-19
  TXDATA5-:BGA_TXDATA5-_Group  -6.487966e-20 -6.873279e-20 -7.329991e-20 -6.337624e-20 -6.434537e-20 -6.085696e-20 -5.575545e-20 -5.778811e-20 -6.455371e-20 -6.255318e-20 -7.931582e-20 -7.564847e-20 -5.460321e-20 -5.560744e-20 -5.874914e-20 -5.800907e-20 -5.827932e-20 -7.305579e-20 -1.709509e-18 -1.999220e-18 -9.167355e-19 -1.265560e-17 -8.286760e-18 -5.016169e-17 -7.875149e-16 -1.160607e-15 -1.162894e-13 5.221364e-13 -8.298549e-19 -1.232862e-18 -4.792752e-19 -8.128548e-19
  TXDATA6+:BGA_TXDATA6+_Group  -4.728311e-20 -5.589876e-20 -5.607202e-20 -5.342128e-20 -4.850779e-20 -5.052695e-20 -4.648586e-20 -3.920398e-20 -4.911160e-20 -4.604790e-20 -5.998613e-20 -5.613251e-20 -4.063406e-20 -4.135921e-20 -4.746551e-20 -4.257044e-20 -4.963728e-20 -4.878852e-20 -6.747271e-20 -6.113643e-20 -5.577660e-20 -7.484496e-20 -5.498898e-20 -8.899869e-20 -2.991829e-19 -4.595354e-19 -4.393757e-19 -8.298549e-19 2.839644e-13 -1.304357e-18 -3.959102e-19 -4.637228e-19
  TXDATA6-:BGA_TXDATA6-_Group  -5.058717e-20 -4.499668e-20 -5.100490e-20 -4.706248e-20 -4.331166e-20 -4.366494e-20 -3.998240e-20 -4.395879e-20 -4.849578e-20 -4.846060e-20 -5.979121e-20 -5.607051e-20 -4.087531e-20 -4.152555e-20 -4.220144e-20 -4.398052e-20 -5.194067e-20 -4.394376e-20 -4.390071e-20 -5.726279e-20 -5.335621e-20 -6.604759e-20 -5.844708e-20 -1.072832e-19 -2.141610e-19 -3.189391e-19 -7.932210e-19 -1.232862e-18 -1.304357e-18 2.836347e-13 -4.876437e-19 -6.854875e-19
  TXDATA7+:BGA_TXDATA7+_Group  -5.168912e-20 -4.558524e-20 -5.528295e-20 -4.910010e-20 -4.879636e-20 -4.717311e-20 -4.394136e-20 -4.425933e-20 -4.999141e-20 -4.931378e-20 -6.116158e-20 -5.699686e-20 -4.153076e-20 -4.228639e-20 -4.681600e-20 -4.306822e-20 -5.165690e-20 -4.910856e-20 -5.100833e-20 -5.304199e-20 -4.748708e-20 -6.141783e-20 -4.918882e-20 -5.411918e-20 -8.143345e-20 -1.044521e-19 -2.203218e-19 -4.792752e-19 -3.959102e-19 -4.876437e-19 2.874369e-13 -3.735115e-19
  TXDATA7-:BGA_TXDATA7-_Group  -5.439221e-20 -5.075735e-20 -5.532874e-20 -5.049429e-20 -4.947574e-20 -4.719535e-20 -4.398896e-20 -4.511532e-20 -5.090457e-20 -4.983617e-20 -6.467108e-20 -5.771321e-20 -4.316360e-20 -4.359656e-20 -5.140747e-20 -4.412654e-20 -5.436115e-20 -5.128406e-20 -5.739404e-20 -5.989160e-20 -5.987221e-20 -7.013576e-20 -6.118324e-20 -1.071999e-19 -1.662981e-19 -2.510743e-19 -5.529545e-19 -8.128548e-19 -4.637228e-19 -6.854875e-19 -3.735115e-19 3.002305e-13
 EndCapMat

 ResMat 32
  RXDATA0+:FCHIP_RXDATA0+_Group  3.775590e-02 4.698643e-05 4.698643e-05 4.698643e-05 4.698643e-05 4.698643e-05 4.698643e-05 4.698643e-05 4.698643e-05 4.698643e-05 4.698643e-05 4.698643e-05 4.698643e-05 4.698643e-05 4.698643e-05 4.698643e-05 4.698643e-05 4.698643e-05 4.698643e-05 4.698643e-05 4.698643e-05 4.698643e-05 4.698643e-05 4.698643e-05 4.698643e-05 4.698643e-05 4.698643e-05 4.698643e-05 4.698643e-05 4.698643e-05 4.698643e-05 4.698643e-05
  RXDATA0-:FCHIP_RXDATA0-_Group  4.698643e-05 4.006160e-02 4.698643e-05 4.698643e-05 4.698643e-05 4.698643e-05 4.698643e-05 4.698643e-05 4.698643e-05 4.698643e-05 4.698643e-05 4.698643e-05 4.698643e-05 4.698643e-05 4.698643e-05 4.698643e-05 4.698643e-05 4.698643e-05 4.698643e-05 4.698643e-05 4.698643e-05 4.698643e-05 4.698643e-05 4.698643e-05 4.698643e-05 4.698643e-05 4.698643e-05 4.698643e-05 4.698643e-05 4.698643e-05 4.698643e-05 4.698643e-05
  RXDATA1+:FCHIP_RXDATA1+_Group  4.698643e-05 4.698643e-05 4.224622e-02 4.698643e-05 4.698643e-05 4.698643e-05 4.698643e-05 4.698643e-05 4.698643e-05 4.698643e-05 4.698643e-05 4.698643e-05 4.698643e-05 4.698643e-05 4.698643e-05 4.698643e-05 4.698643e-05 4.698643e-05 4.698643e-05 4.698643e-05 4.698643e-05 4.698643e-05 4.698643e-05 4.698643e-05 4.698643e-05 4.698643e-05 4.698643e-05 4.698643e-05 4.698643e-05 4.698643e-05 4.698643e-05 4.698643e-05
  RXDATA1-:FCHIP_RXDATA1-_Group  4.698643e-05 4.698643e-05 4.698643e-05 4.027160e-02 4.698643e-05 4.698643e-05 4.698643e-05 4.698643e-05 4.698643e-05 4.698643e-05 4.698643e-05 4.698643e-05 4.698643e-05 4.698643e-05 4.698643e-05 4.698643e-05 4.698643e-05 4.698643e-05 4.698643e-05 4.698643e-05 4.698643e-05 4.698643e-05 4.698643e-05 4.698643e-05 4.698643e-05 4.698643e-05 4.698643e-05 4.698643e-05 4.698643e-05 4.698643e-05 4.698643e-05 4.698643e-05
  RXDATA2+:FCHIP_RXDATA2+_Group  4.698643e-05 4.698643e-05 4.698643e-05 4.698643e-05 3.595436e-02 4.698643e-05 4.698643e-05 4.698643e-05 4.698643e-05 4.698643e-05 4.698643e-05 4.698643e-05 4.698643e-05 4.698643e-05 4.698643e-05 4.698643e-05 4.698643e-05 4.698643e-05 4.698643e-05 4.698643e-05 4.698643e-05 4.698643e-05 4.698643e-05 4.698643e-05 4.698643e-05 4.698643e-05 4.698643e-05 4.698643e-05 4.698643e-05 4.698643e-05 4.698643e-05 4.698643e-05
  RXDATA2-:FCHIP_RXDATA2-_Group  4.698643e-05 4.698643e-05 4.698643e-05 4.698643e-05 4.698643e-05 3.667461e-02 4.698643e-05 4.698643e-05 4.698643e-05 4.698643e-05 4.698643e-05 4.698643e-05 4.698643e-05 4.698643e-05 4.698643e-05 4.698643e-05 4.698643e-05 4.698643e-05 4.698643e-05 4.698643e-05 4.698643e-05 4.698643e-05 4.698643e-05 4.698643e-05 4.698643e-05 4.698643e-05 4.698643e-05 4.698643e-05 4.698643e-05 4.698643e-05 4.698643e-05 4.698643e-05
  RXDATA3+:FCHIP_RXDATA3+_Group  4.698643e-05 4.698643e-05 4.698643e-05 4.698643e-05 4.698643e-05 4.698643e-05 3.280528e-02 4.698643e-05 4.698643e-05 4.698643e-05 4.698643e-05 4.698643e-05 4.698643e-05 4.698643e-05 4.698643e-05 4.698643e-05 4.698643e-05 4.698643e-05 4.698643e-05 4.698643e-05 4.698643e-05 4.698643e-05 4.698643e-05 4.698643e-05 4.698643e-05 4.698643e-05 4.698643e-05 4.698643e-05 4.698643e-05 4.698643e-05 4.698643e-05 4.698643e-05
  RXDATA3-:FCHIP_RXDATA3-_Group  4.698643e-05 4.698643e-05 4.698643e-05 4.698643e-05 4.698643e-05 4.698643e-05 4.698643e-05 3.331256e-02 4.698643e-05 4.698643e-05 4.698643e-05 4.698643e-05 4.698643e-05 4.698643e-05 4.698643e-05 4.698643e-05 4.698643e-05 4.698643e-05 4.698643e-05 4.698643e-05 4.698643e-05 4.698643e-05 4.698643e-05 4.698643e-05 4.698643e-05 4.698643e-05 4.698643e-05 4.698643e-05 4.698643e-05 4.698643e-05 4.698643e-05 4.698643e-05
  RXDATA4+:FCHIP_RXDATA4+_Group  4.698643e-05 4.698643e-05 4.698643e-05 4.698643e-05 4.698643e-05 4.698643e-05 4.698643e-05 4.698643e-05 4.038327e-02 4.698643e-05 4.698643e-05 4.698643e-05 4.698643e-05 4.698643e-05 4.698643e-05 4.698643e-05 4.698643e-05 4.698643e-05 4.698643e-05 4.698643e-05 4.698643e-05 4.698643e-05 4.698643e-05 4.698643e-05 4.698643e-05 4.698643e-05 4.698643e-05 4.698643e-05 4.698643e-05 4.698643e-05 4.698643e-05 4.698643e-05
  RXDATA4-:FCHIP_RXDATA4-_Group  4.698643e-05 4.698643e-05 4.698643e-05 4.698643e-05 4.698643e-05 4.698643e-05 4.698643e-05 4.698643e-05 4.698643e-05 3.983006e-02 4.698643e-05 4.698643e-05 4.698643e-05 4.698643e-05 4.698643e-05 4.698643e-05 4.698643e-05 4.698643e-05 4.698643e-05 4.698643e-05 4.698643e-05 4.698643e-05 4.698643e-05 4.698643e-05 4.698643e-05 4.698643e-05 4.698643e-05 4.698643e-05 4.698643e-05 4.698643e-05 4.698643e-05 4.698643e-05
  RXDATA5+:FCHIP_RXDATA5+_Group  4.698643e-05 4.698643e-05 4.698643e-05 4.698643e-05 4.698643e-05 4.698643e-05 4.698643e-05 4.698643e-05 4.698643e-05 4.698643e-05 5.102733e-02 4.698643e-05 4.698643e-05 4.698643e-05 4.698643e-05 4.698643e-05 4.698643e-05 4.698643e-05 4.698643e-05 4.698643e-05 4.698643e-05 4.698643e-05 4.698643e-05 4.698643e-05 4.698643e-05 4.698643e-05 4.698643e-05 4.698643e-05 4.698643e-05 4.698643e-05 4.698643e-05 4.698643e-05
  RXDATA5-:FCHIP_RXDATA5-_Group  4.698643e-05 4.698643e-05 4.698643e-05 4.698643e-05 4.698643e-05 4.698643e-05 4.698643e-05 4.698643e-05 4.698643e-05 4.698643e-05 4.698643e-05 5.070021e-02 4.698643e-05 4.698643e-05 4.698643e-05 4.698643e-05 4.698643e-05 4.698643e-05 4.698643e-05 4.698643e-05 4.698643e-05 4.698643e-05 4.698643e-05 4.698643e-05 4.698643e-05 4.698643e-05 4.698643e-05 4.698643e-05 4.698643e-05 4.698643e-05 4.698643e-05 4.698643e-05
  RXDATA6+:FCHIP_RXDATA6+_Group  4.698643e-05 4.698643e-05 4.698643e-05 4.698643e-05 4.698643e-05 4.698643e-05 4.698643e-05 4.698643e-05 4.698643e-05 4.698643e-05 4.698643e-05 4.698643e-05 3.006560e-02 4.698643e-05 4.698643e-05 4.698643e-05 4.698643e-05 4.698643e-05 4.698643e-05 4.698643e-05 4.698643e-05 4.698643e-05 4.698643e-05 4.698643e-05 4.698643e-05 4.698643e-05 4.698643e-05 4.698643e-05 4.698643e-05 4.698643e-05 4.698643e-05 4.698643e-05
  RXDATA6-:FCHIP_RXDATA6-_Group  4.698643e-05 4.698643e-05 4.698643e-05 4.698643e-05 4.698643e-05 4.698643e-05 4.698643e-05 4.698643e-05 4.698643e-05 4.698643e-05 4.698643e-05 4.698643e-05 4.698643e-05 3.108178e-02 4.698643e-05 4.698643e-05 4.698643e-05 4.698643e-05 4.698643e-05 4.698643e-05 4.698643e-05 4.698643e-05 4.698643e-05 4.698643e-05 4.698643e-05 4.698643e-05 4.698643e-05 4.698643e-05 4.698643e-05 4.698643e-05 4.698643e-05 4.698643e-05
  RXDATA7+:FCHIP_RXDATA7+_Group  4.698643e-05 4.698643e-05 4.698643e-05 4.698643e-05 4.698643e-05 4.698643e-05 4.698643e-05 4.698643e-05 4.698643e-05 4.698643e-05 4.698643e-05 4.698643e-05 4.698643e-05 4.698643e-05 3.570710e-02 4.698643e-05 4.698643e-05 4.698643e-05 4.698643e-05 4.698643e-05 4.698643e-05 4.698643e-05 4.698643e-05 4.698643e-05 4.698643e-05 4.698643e-05 4.698643e-05 4.698643e-05 4.698643e-05 4.698643e-05 4.698643e-05 4.698643e-05
  RXDATA7-:FCHIP_RXDATA7-_Group  4.698643e-05 4.698643e-05 4.698643e-05 4.698643e-05 4.698643e-05 4.698643e-05 4.698643e-05 4.698643e-05 4.698643e-05 4.698643e-05 4.698643e-05 4.698643e-05 4.698643e-05 4.698643e-05 4.698643e-05 3.322568e-02 4.698643e-05 4.698643e-05 4.698643e-05 4.698643e-05 4.698643e-05 4.698643e-05 4.698643e-05 4.698643e-05 4.698643e-05 4.698643e-05 4.698643e-05 4.698643e-05 4.698643e-05 4.698643e-05 4.698643e-05 4.698643e-05
  TXDATA0+:FCHIP_TXDATA0+_Group  4.698643e-05 4.698643e-05 4.698643e-05 4.698643e-05 4.698643e-05 4.698643e-05 4.698643e-05 4.698643e-05 4.698643e-05 4.698643e-05 4.698643e-05 4.698643e-05 4.698643e-05 4.698643e-05 4.698643e-05 4.698643e-05 3.751486e-02 4.698643e-05 4.698643e-05 4.698643e-05 4.698643e-05 4.698643e-05 4.698643e-05 4.698643e-05 4.698643e-05 4.698643e-05 4.698643e-05 4.698643e-05 4.698643e-05 4.698643e-05 4.698643e-05 4.698643e-05
  TXDATA0-:FCHIP_TXDATA0-_Group  4.698643e-05 4.698643e-05 4.698643e-05 4.698643e-05 4.698643e-05 4.698643e-05 4.698643e-05 4.698643e-05 4.698643e-05 4.698643e-05 4.698643e-05 4.698643e-05 4.698643e-05 4.698643e-05 4.698643e-05 4.698643e-05 4.698643e-05 3.977059e-02 4.698643e-05 4.698643e-05 4.698643e-05 4.698643e-05 4.698643e-05 4.698643e-05 4.698643e-05 4.698643e-05 4.698643e-05 4.698643e-05 4.698643e-05 4.698643e-05 4.698643e-05 4.698643e-05
  TXDATA1+:FCHIP_TXDATA1+_Group  4.698643e-05 4.698643e-05 4.698643e-05 4.698643e-05 4.698643e-05 4.698643e-05 4.698643e-05 4.698643e-05 4.698643e-05 4.698643e-05 4.698643e-05 4.698643e-05 4.698643e-05 4.698643e-05 4.698643e-05 4.698643e-05 4.698643e-05 4.698643e-05 4.071987e-02 4.698643e-05 4.698643e-05 4.698643e-05 4.698643e-05 4.698643e-05 4.698643e-05 4.698643e-05 4.698643e-05 4.698643e-05 4.698643e-05 4.698643e-05 4.698643e-05 4.698643e-05
  TXDATA1-:FCHIP_TXDATA1-_Group  4.698643e-05 4.698643e-05 4.698643e-05 4.698643e-05 4.698643e-05 4.698643e-05 4.698643e-05 4.698643e-05 4.698643e-05 4.698643e-05 4.698643e-05 4.698643e-05 4.698643e-05 4.698643e-05 4.698643e-05 4.698643e-05 4.698643e-05 4.698643e-05 4.698643e-05 4.208541e-02 4.698643e-05 4.698643e-05 4.698643e-05 4.698643e-05 4.698643e-05 4.698643e-05 4.698643e-05 4.698643e-05 4.698643e-05 4.698643e-05 4.698643e-05 4.698643e-05
  TXDATA2+:FCHIP_TXDATA2+_Group  4.698643e-05 4.698643e-05 4.698643e-05 4.698643e-05 4.698643e-05 4.698643e-05 4.698643e-05 4.698643e-05 4.698643e-05 4.698643e-05 4.698643e-05 4.698643e-05 4.698643e-05 4.698643e-05 4.698643e-05 4.698643e-05 4.698643e-05 4.698643e-05 4.698643e-05 4.698643e-05 3.969974e-02 4.698643e-05 4.698643e-05 4.698643e-05 4.698643e-05 4.698643e-05 4.698643e-05 4.698643e-05 4.698643e-05 4.698643e-05 4.698643e-05 4.698643e-05
  TXDATA2-:FCHIP_TXDATA2-_Group  4.698643e-05 4.698643e-05 4.698643e-05 4.698643e-05 4.698643e-05 4.698643e-05 4.698643e-05 4.698643e-05 4.698643e-05 4.698643e-05 4.698643e-05 4.698643e-05 4.698643e-05 4.698643e-05 4.698643e-05 4.698643e-05 4.698643e-05 4.698643e-05 4.698643e-05 4.698643e-05 4.698643e-05 3.932363e-02 4.698643e-05 4.698643e-05 4.698643e-05 4.698643e-05 4.698643e-05 4.698643e-05 4.698643e-05 4.698643e-05 4.698643e-05 4.698643e-05
  TXDATA3+:FCHIP_TXDATA3+_Group  4.698643e-05 4.698643e-05 4.698643e-05 4.698643e-05 4.698643e-05 4.698643e-05 4.698643e-05 4.698643e-05 4.698643e-05 4.698643e-05 4.698643e-05 4.698643e-05 4.698643e-05 4.698643e-05 4.698643e-05 4.698643e-05 4.698643e-05 4.698643e-05 4.698643e-05 4.698643e-05 4.698643e-05 4.698643e-05 3.330523e-02 4.698643e-05 4.698643e-05 4.698643e-05 4.698643e-05 4.698643e-05 4.698643e-05 4.698643e-05 4.698643e-05 4.698643e-05
  TXDATA3-:FCHIP_TXDATA3-_Group  4.698643e-05 4.698643e-05 4.698643e-05 4.698643e-05 4.698643e-05 4.698643e-05 4.698643e-05 4.698643e-05 4.698643e-05 4.698643e-05 4.698643e-05 4.698643e-05 4.698643e-05 4.698643e-05 4.698643e-05 4.698643e-05 4.698643e-05 4.698643e-05 4.698643e-05 4.698643e-05 4.698643e-05 4.698643e-05 4.698643e-05 3.304869e-02 4.698643e-05 4.698643e-05 4.698643e-05 4.698643e-05 4.698643e-05 4.698643e-05 4.698643e-05 4.698643e-05
  TXDATA4+:FCHIP_TXDATA4+_Group  4.698643e-05 4.698643e-05 4.698643e-05 4.698643e-05 4.698643e-05 4.698643e-05 4.698643e-05 4.698643e-05 4.698643e-05 4.698643e-05 4.698643e-05 4.698643e-05 4.698643e-05 4.698643e-05 4.698643e-05 4.698643e-05 4.698643e-05 4.698643e-05 4.698643e-05 4.698643e-05 4.698643e-05 4.698643e-05 4.698643e-05 4.698643e-05 3.872644e-02 4.698643e-05 4.698643e-05 4.698643e-05 4.698643e-05 4.698643e-05 4.698643e-05 4.698643e-05
  TXDATA4-:FCHIP_TXDATA4-_Group  4.698643e-05 4.698643e-05 4.698643e-05 4.698643e-05 4.698643e-05 4.698643e-05 4.698643e-05 4.698643e-05 4.698643e-05 4.698643e-05 4.698643e-05 4.698643e-05 4.698643e-05 4.698643e-05 4.698643e-05 4.698643e-05 4.698643e-05 4.698643e-05 4.698643e-05 4.698643e-05 4.698643e-05 4.698643e-05 4.698643e-05 4.698643e-05 4.698643e-05 3.896727e-02 4.698643e-05 4.698643e-05 4.698643e-05 4.698643e-05 4.698643e-05 4.698643e-05
  TXDATA5+:FCHIP_TXDATA5+_Group  4.698643e-05 4.698643e-05 4.698643e-05 4.698643e-05 4.698643e-05 4.698643e-05 4.698643e-05 4.698643e-05 4.698643e-05 4.698643e-05 4.698643e-05 4.698643e-05 4.698643e-05 4.698643e-05 4.698643e-05 4.698643e-05 4.698643e-05 4.698643e-05 4.698643e-05 4.698643e-05 4.698643e-05 4.698643e-05 4.698643e-05 4.698643e-05 4.698643e-05 4.698643e-05 5.118707e-02 4.698643e-05 4.698643e-05 4.698643e-05 4.698643e-05 4.698643e-05
  TXDATA5-:FCHIP_TXDATA5-_Group  4.698643e-05 4.698643e-05 4.698643e-05 4.698643e-05 4.698643e-05 4.698643e-05 4.698643e-05 4.698643e-05 4.698643e-05 4.698643e-05 4.698643e-05 4.698643e-05 4.698643e-05 4.698643e-05 4.698643e-05 4.698643e-05 4.698643e-05 4.698643e-05 4.698643e-05 4.698643e-05 4.698643e-05 4.698643e-05 4.698643e-05 4.698643e-05 4.698643e-05 4.698643e-05 4.698643e-05 5.096867e-02 4.698643e-05 4.698643e-05 4.698643e-05 4.698643e-05
  TXDATA6+:FCHIP_TXDATA6+_Group  4.698643e-05 4.698643e-05 4.698643e-05 4.698643e-05 4.698643e-05 4.698643e-05 4.698643e-05 4.698643e-05 4.698643e-05 4.698643e-05 4.698643e-05 4.698643e-05 4.698643e-05 4.698643e-05 4.698643e-05 4.698643e-05 4.698643e-05 4.698643e-05 4.698643e-05 4.698643e-05 4.698643e-05 4.698643e-05 4.698643e-05 4.698643e-05 4.698643e-05 4.698643e-05 4.698643e-05 4.698643e-05 3.109162e-02 4.698643e-05 4.698643e-05 4.698643e-05
  TXDATA6-:FCHIP_TXDATA6-_Group  4.698643e-05 4.698643e-05 4.698643e-05 4.698643e-05 4.698643e-05 4.698643e-05 4.698643e-05 4.698643e-05 4.698643e-05 4.698643e-05 4.698643e-05 4.698643e-05 4.698643e-05 4.698643e-05 4.698643e-05 4.698643e-05 4.698643e-05 4.698643e-05 4.698643e-05 4.698643e-05 4.698643e-05 4.698643e-05 4.698643e-05 4.698643e-05 4.698643e-05 4.698643e-05 4.698643e-05 4.698643e-05 4.698643e-05 3.059098e-02 4.698643e-05 4.698643e-05
  TXDATA7+:FCHIP_TXDATA7+_Group  4.698643e-05 4.698643e-05 4.698643e-05 4.698643e-05 4.698643e-05 4.698643e-05 4.698643e-05 4.698643e-05 4.698643e-05 4.698643e-05 4.698643e-05 4.698643e-05 4.698643e-05 4.698643e-05 4.698643e-05 4.698643e-05 4.698643e-05 4.698643e-05 4.698643e-05 4.698643e-05 4.698643e-05 4.698643e-05 4.698643e-05 4.698643e-05 4.698643e-05 4.698643e-05 4.698643e-05 4.698643e-05 4.698643e-05 4.698643e-05 3.228022e-02 4.698643e-05
  TXDATA7-:FCHIP_TXDATA7-_Group  4.698643e-05 4.698643e-05 4.698643e-05 4.698643e-05 4.698643e-05 4.698643e-05 4.698643e-05 4.698643e-05 4.698643e-05 4.698643e-05 4.698643e-05 4.698643e-05 4.698643e-05 4.698643e-05 4.698643e-05 4.698643e-05 4.698643e-05 4.698643e-05 4.698643e-05 4.698643e-05 4.698643e-05 4.698643e-05 4.698643e-05 4.698643e-05 4.698643e-05 4.698643e-05 4.698643e-05 4.698643e-05 4.698643e-05 4.698643e-05 4.698643e-05 3.548917e-02
 EndResMat

 ResMatAC 32
  RXDATA0+:FCHIP_RXDATA0+_Group  1.286736e-01 3.112589e-02 1.264719e-03 1.652723e-03 2.406843e-04 2.917191e-04 1.526892e-04 1.614424e-04 1.481795e-04 1.605643e-04 1.554050e-04 1.386766e-04 1.345486e-04 1.299624e-04 1.231343e-04 1.265543e-04 5.488896e-05 1.400178e-04 1.533780e-04 1.528628e-04 1.651647e-04 1.531826e-04 1.599348e-04 1.674343e-04 1.514545e-04 1.490701e-04 1.492355e-04 1.414365e-04 1.489496e-04 1.394314e-04 1.299200e-04 1.466875e-04
  RXDATA0-:FCHIP_RXDATA0-_Group  3.112589e-02 1.356581e-01 2.520334e-03 2.059931e-03 3.035361e-04 4.202271e-04 1.707243e-04 1.840423e-04 1.544949e-04 2.035114e-04 8.714025e-05 1.034079e-04 1.092424e-04 8.779906e-05 8.826931e-05 9.806233e-05 1.482514e-04 1.251047e-04 1.509623e-04 1.417639e-04 1.403931e-04 1.502236e-04 1.477231e-04 1.445997e-04 1.403132e-04 1.428831e-04 1.319581e-04 1.126102e-04 1.336174e-04 1.183905e-04 1.058176e-04 1.043902e-04
  RXDATA1+:FCHIP_RXDATA1+_Group  1.264719e-03 2.520334e-03 1.412872e-01 3.259149e-02 2.394222e-03 3.552283e-03 3.413852e-05 1.399022e-04 1.666020e-04 2.012349e-04 1.191082e-04 1.343143e-04 1.204515e-04 1.112400e-04 1.043155e-04 1.119019e-04 1.490630e-04 1.551088e-04 1.818929e-04 1.704047e-04 1.752476e-04 1.822261e-04 1.835074e-04 1.826358e-04 1.778086e-04 1.764779e-04 1.586152e-04 1.363378e-04 1.567049e-04 1.406160e-04 1.227633e-04 1.189254e-04
  RXDATA1-:FCHIP_RXDATA1-_Group  1.652723e-03 2.059931e-03 3.259149e-02 1.311281e-01 1.195923e-03 2.344959e-03 7.916650e-06 5.707408e-05 1.481466e-04 1.580233e-04 1.242926e-04 1.239215e-04 1.281183e-04 1.208241e-04 1.136894e-04 1.149422e-04 1.426630e-04 1.477347e-04 1.815163e-04 1.838320e-04 1.904788e-04 1.860826e-04 1.865688e-04 1.864143e-04 1.795454e-04 1.769680e-04 1.571289e-04 1.397388e-04 1.566670e-04 1.403241e-04 1.264346e-04 1.203439e-04
  RXDATA2+:FCHIP_RXDATA2+_Group  2.406843e-04 3.035361e-04 2.394222e-03 1.195923e-03 1.147357e-01 2.361637e-02 9.018381e-04 1.458008e-03 5.324264e-04 9.004613e-04 4.528487e-04 4.090003e-04 1.351623e-04 1.274705e-04 1.321849e-04 1.220862e-04 1.241160e-04 1.475106e-04 1.788650e-04 1.802984e-04 1.893776e-04 1.986947e-04 1.918604e-04 1.890456e-04 1.846996e-04 1.784215e-04 1.594744e-04 1.393031e-04 1.593538e-04 1.432964e-04 1.276272e-04 1.304520e-04
  RXDATA2-:FCHIP_RXDATA2-_Group  2.917191e-04 4.202271e-04 3.552283e-03 2.344959e-03 2.361637e-02 1.139162e-01 1.606065e-04 6.431756e-04 3.239885e-04 5.788153e-04 3.436710e-04 3.448516e-04 1.235162e-04 1.203924e-04 1.208182e-04 1.154900e-04 1.503114e-04 1.525099e-04 1.821572e-04 1.766689e-04 1.821196e-04 1.844296e-04 1.865498e-04 1.871600e-04 1.834319e-04 1.791985e-04 1.598294e-04 1.391537e-04 1.576832e-04 1.421707e-04 1.289517e-04 1.234377e-04
  RXDATA3+:FCHIP_RXDATA3+_Group  1.526892e-04 1.707243e-04 3.413852e-05 7.916650e-06 9.018381e-04 1.606065e-04 1.023879e-01 1.964377e-02 2.669013e-03 5.335003e-03 1.399194e-03 1.219263e-03 1.251967e-04 1.171699e-04 1.334809e-04 1.284157e-04 1.301663e-04 1.478289e-04 1.768188e-04 1.786273e-04 1.848778e-04 1.854458e-04 1.843822e-04 1.839449e-04 1.784070e-04 1.758700e-04 1.591285e-04 1.389704e-04 1.571648e-04 1.409738e-04 1.322664e-04 1.216167e-04
  RXDATA3-:FCHIP_RXDATA3-_Group  1.614424e-04 1.840423e-04 1.399022e-04 5.707408e-05 1.458008e-03 6.431756e-04 1.964377e-02 1.026889e-01 1.379000e-03 2.860830e-03 9.602726e-04 8.373577e-04 8.518848e-05 9.474597e-05 1.199978e-04 1.164656e-04 1.265917e-04 1.455753e-04 1.782473e-04 1.784536e-04 1.851451e-04 1.902971e-04 1.856364e-04 1.843009e-04 1.788402e-04 1.764370e-04 1.567087e-04 1.363690e-04 1.574088e-04 1.409596e-04 1.280201e-04 1.277937e-04
  RXDATA4+:FCHIP_RXDATA4+_Group  1.481795e-04 1.544949e-04 1.666020e-04 1.481466e-04 5.324264e-04 3.239885e-04 2.669013e-03 1.379000e-03 1.257967e-01 2.563453e-02 4.838951e-03 5.191684e-03 1.868160e-04 1.678764e-04 2.559287e-04 2.644305e-04 1.292700e-04 1.419887e-04 1.675482e-04 1.735891e-04 1.796790e-04 1.779091e-04 1.782140e-04 1.793277e-04 1.756266e-04 1.696175e-04 1.567770e-04 1.359485e-04 1.527018e-04 1.377097e-04 1.300818e-04 1.183659e-04
  RXDATA4-:FCHIP_RXDATA4-_Group  1.605643e-04 2.035114e-04 2.012349e-04 1.580233e-04 9.004613e-04 5.788153e-04 5.335003e-03 2.860830e-03 2.563453e-02 1.248905e-01 4.414842e-03 3.437433e-03 5.284012e-06 3.763200e-05 1.490507e-04 1.821576e-04 1.270727e-04 1.458391e-04 1.693917e-04 1.718714e-04 1.765107e-04 1.762205e-04 1.805578e-04 1.822138e-04 1.817607e-04 1.729389e-04 1.578209e-04 1.312487e-04 1.550259e-04 1.352670e-04 1.402065e-04 1.166683e-04
  RXDATA5+:FCHIP_RXDATA5+_Group  1.554050e-04 8.714025e-05 1.191082e-04 1.242926e-04 4.528487e-04 3.436710e-04 1.399194e-03 9.602726e-04 4.838951e-03 4.414842e-03 1.724881e-01 4.649097e-02 4.524794e-04 6.530082e-04 6.123888e-04 5.452107e-04 1.069230e-04 1.236545e-04 1.475222e-04 1.444741e-04 1.475342e-04 1.541483e-04 1.518242e-04 1.548262e-04 1.539316e-04 1.496402e-04 1.377292e-04 1.222412e-04 1.390086e-04 1.295446e-04 1.222508e-04 1.283687e-04
  RXDATA5-:FCHIP_RXDATA5-_Group  1.386766e-04 1.034079e-04 1.343143e-04 1.239215e-04 4.090003e-04 3.448516e-04 1.219263e-03 8.373577e-04 5.191684e-03 3.437433e-03 4.649097e-02 1.739301e-01 2.344937e-05 3.890695e-04 5.816779e-04 5.563085e-04 1.024300e-04 1.094094e-04 1.300797e-04 1.364095e-04 1.369667e-04 1.456286e-04 1.394358e-04 1.390235e-04 1.369746e-04 1.329149e-04 1.243097e-04 1.184962e-04 1.257116e-04 1.233386e-04 1.233574e-04 1.156566e-04
  RXDATA6+:FCHIP_RXDATA6+_Group  1.345486e-04 1.092424e-04 1.204515e-04 1.281183e-04 1.351623e-04 1.235162e-04 1.251967e-04 8.518848e-05 1.868160e-04 5.284012e-06 4.524794e-04 2.344937e-05 7.868252e-02 2.748374e-03 1.121375e-03 1.252840e-03 1.104151e-04 1.156282e-04 1.274491e-04 1.308328e-04 1.346127e-04 1.346710e-04 1.325785e-04 1.328419e-04 1.310724e-04 1.307991e-04 1.304191e-04 1.194184e-04 1.306739e-04 1.265615e-04 1.225938e-04 1.232672e-04
  RXDATA6-:FCHIP_RXDATA6-_Group  1.299624e-04 8.779906e-05 1.112400e-04 1.208241e-04 1.274705e-04 1.203924e-04 1.171699e-04 9.474597e-05 1.678764e-04 3.763200e-05 6.530082e-04 3.890695e-04 2.748374e-03 8.030660e-02 1.688826e-03 1.688837e-03 1.058515e-04 1.107910e-04 1.197024e-04 1.247258e-04 1.284448e-04 1.291969e-04 1.282715e-04 1.280550e-04 1.254224e-04 1.241202e-04 1.254588e-04 1.218350e-04 1.257028e-04 1.281994e-04 1.270987e-04 1.188300e-04
  RXDATA7+:FCHIP_RXDATA7+_Group  1.231343e-04 8.826931e-05 1.043155e-04 1.136894e-04 1.321849e-04 1.208182e-04 1.334809e-04 1.199978e-04 2.559287e-04 1.490507e-04 6.123888e-04 5.816779e-04 1.121375e-03 1.688826e-03 9.041389e-02 1.338046e-03 1.154019e-04 1.076242e-04 1.132561e-04 1.155413e-04 1.201776e-04 1.274748e-04 1.191616e-04 1.138385e-04 1.101093e-04 1.112774e-04 1.184604e-04 1.056940e-04 1.245517e-04 1.176621e-04 1.431747e-04 1.705773e-04
  RXDATA7-:FCHIP_RXDATA7-_Group  1.265543e-04 9.806233e-05 1.119019e-04 1.149422e-04 1.220862e-04 1.154900e-04 1.284157e-04 1.164656e-04 2.644305e-04 1.821576e-04 5.452107e-04 5.563085e-04 1.252840e-03 1.688837e-03 1.338046e-03 8.571764e-02 9.442798e-05 1.036350e-04 1.055693e-04 1.143969e-04 1.178432e-04 1.166067e-04 1.145404e-04 1.172115e-04 1.195878e-04 1.239013e-04 1.182409e-04 1.260568e-04 1.191386e-04 1.338533e-04 1.027474e-04 1.012971e-04
  TXDATA0+:FCHIP_TXDATA0+_Group  5.488896e-05 1.482514e-04 1.490630e-04 1.426630e-04 1.241160e-04 1.503114e-04 1.301663e-04 1.265917e-04 1.292700e-04 1.270727e-04 1.069230e-04 1.024300e-04 1.104151e-04 1.058515e-04 1.154019e-04 9.442798e-05 1.226777e-01 2.952375e-02 1.438807e-03 1.213237e-03 1.537140e-04 1.223791e-04 1.139996e-04 1.160889e-04 1.257044e-04 1.203366e-04 1.202402e-04 1.029732e-04 1.285599e-04 1.195818e-04 1.180852e-04 1.086718e-04
  TXDATA0-:FCHIP_TXDATA0-_Group  1.400178e-04 1.251047e-04 1.551088e-04 1.477347e-04 1.475106e-04 1.525099e-04 1.478289e-04 1.455753e-04 1.419887e-04 1.458391e-04 1.236545e-04 1.094094e-04 1.156282e-04 1.107910e-04 1.076242e-04 1.036350e-04 2.952375e-02 1.312116e-01 2.479660e-03 2.298342e-03 1.909854e-04 1.147865e-04 1.137104e-04 1.053266e-04 1.443840e-04 1.427543e-04 1.366140e-04 1.242682e-04 1.317211e-04 1.196506e-04 1.093602e-04 1.145894e-04
  TXDATA1+:FCHIP_TXDATA1+_Group  1.533780e-04 1.509623e-04 1.818929e-04 1.815163e-04 1.788650e-04 1.821572e-04 1.768188e-04 1.782473e-04 1.675482e-04 1.693917e-04 1.475222e-04 1.300797e-04 1.274491e-04 1.197024e-04 1.132561e-04 1.055693e-04 1.438807e-03 2.479660e-03 1.337952e-01 3.259245e-02 1.268705e-03 5.344329e-04 1.305235e-04 1.020240e-05 1.467304e-04 9.559459e-05 1.170943e-04 4.679455e-05 1.629128e-04 1.448119e-04 1.223808e-04 1.262306e-04
  TXDATA1-:FCHIP_TXDATA1-_Group  1.528628e-04 1.417639e-04 1.704047e-04 1.838320e-04 1.802984e-04 1.766689e-04 1.786273e-04 1.784536e-04 1.735891e-04 1.718714e-04 1.444741e-04 1.364095e-04 1.308328e-04 1.247258e-04 1.155413e-04 1.143969e-04 1.213237e-03 2.298342e-03 3.259245e-02 1.404164e-01 1.723485e-03 8.942383e-04 8.817583e-05 3.567817e-05 1.844481e-04 1.760720e-04 1.855942e-04 1.512904e-04 1.416095e-04 1.386942e-04 1.324499e-04 1.310534e-04
  TXDATA2+:FCHIP_TXDATA2+_Group  1.651647e-04 1.403931e-04 1.752476e-04 1.904788e-04 1.893776e-04 1.821196e-04 1.848778e-04 1.851451e-04 1.796790e-04 1.765107e-04 1.475342e-04 1.369667e-04 1.346127e-04 1.284448e-04 1.201776e-04 1.178432e-04 1.537140e-04 1.909854e-04 1.268705e-03 1.723485e-03 1.276583e-01 2.781706e-02 1.509037e-03 7.370580e-04 2.790298e-04 2.063657e-04 2.060083e-04 1.502631e-04 1.549106e-04 1.533921e-04 1.415877e-04 1.318379e-04
  TXDATA2-:FCHIP_TXDATA2-_Group  1.531826e-04 1.502236e-04 1.822261e-04 1.860826e-04 1.986947e-04 1.844296e-04 1.854458e-04 1.902971e-04 1.779091e-04 1.762205e-04 1.541483e-04 1.456286e-04 1.346710e-04 1.291969e-04 1.274748e-04 1.166067e-04 1.223791e-04 1.147865e-04 5.344329e-04 8.942383e-04 2.781706e-02 1.262706e-01 2.089703e-03 1.467383e-03 4.030848e-04 2.752099e-04 2.292621e-04 1.263248e-04 1.590129e-04 1.631752e-04 1.472620e-04 1.427763e-04
