B_CMATS  180
B_FREQ 0.000000e+00
  4.245858e-13  -7.943466e-14  -9.151865e-17  -7.203267e-16  -1.307248e-18  -2.910317e-17  -6.472047e-20  -8.096630e-20  -6.141825e-20  -7.601717e-20  -7.003276e-20  -5.558149e-20  -4.965448e-20  -5.082207e-20  -5.473336e-20  -5.271276e-20  -3.243604e-20  -6.326319e-20  -5.447655e-20  -6.280633e-20  -6.077728e-20  -5.657707e-20  -5.491169e-20  -5.240107e-20  -5.541906e-20  -5.536208e-20  -7.090404e-20  -6.487966e-20  -4.728311e-20  -5.058717e-20  -5.168912e-20  -5.439221e-20
  -7.943466e-14  4.359994e-13  -5.433943e-16  -1.806042e-15  -2.563657e-18  -3.092341e-18  -1.608714e-19  -2.863602e-19  -9.967124e-20  -2.205754e-19  -1.441102e-19  -8.083452e-20  -5.171039e-20  -5.223821e-20  -5.279309e-20  -5.264525e-20  -7.081504e-20  -5.865864e-20  -5.735768e-20  -6.222354e-20  -5.119119e-20  -5.231503e-20  -5.620646e-20  -5.841278e-20  -5.181561e-20  -5.882195e-20  -7.182841e-20  -6.873279e-20  -5.589876e-20  -4.499668e-20  -4.558524e-20  -5.075735e-20
  -9.151865e-17  -5.433943e-16  4.536512e-13  -9.043920e-14  -3.904366e-16  -9.334432e-16  -3.362783e-19  -6.447694e-19  -1.646256e-19  -4.577742e-19  -2.529472e-19  -9.454207e-20  -6.085621e-20  -6.323639e-20  -6.056859e-20  -5.784062e-20  -5.991298e-20  -5.774947e-20  -7.068082e-20  -6.601055e-20  -6.565134e-20  -6.286094e-20  -6.020299e-20  -5.857163e-20  -6.504434e-20  -6.183977e-20  -7.700384e-20  -7.329991e-20  -5.607202e-20  -5.100490e-20  -5.528295e-20  -5.532874e-20
  -7.203267e-16  -1.806042e-15  -9.043920e-14  4.197478e-13  -2.191416e-16  -7.435891e-16  -1.900245e-19  -3.497844e-19  -1.073980e-19  -2.564376e-19  -1.604355e-19  -7.643936e-20  -5.156052e-20  -5.286533e-20  -5.489278e-20  -5.015831e-20  -5.692469e-20  -4.877495e-20  -5.401869e-20  -5.741309e-20  -5.371027e-20  -5.648776e-20  -5.508945e-20  -4.810098e-20  -5.262871e-20  -5.479017e-20  -6.785950e-20  -6.337624e-20  -5.342128e-20  -4.706248e-20  -4.910010e-20  -5.049429e-20
  -1.307248e-18  -2.563657e-18  -3.904366e-16  -2.191416e-16  4.097702e-13  -8.227007e-14  -4.278906e-16  -7.010999e-16  -4.230211e-17  -1.039900e-16  -6.366065e-18  -5.252500e-18  -6.056370e-20  -6.311896e-20  -5.950157e-20  -5.324959e-20  -5.850847e-20  -4.940347e-20  -5.841356e-20  -5.872879e-20  -5.638025e-20  -5.160841e-20  -5.298750e-20  -4.847506e-20  -5.207825e-20  -5.450390e-20  -6.793425e-20  -6.434537e-20  -4.850779e-20  -4.331166e-20  -4.879636e-20  -4.947574e-20
  -2.910317e-17  -3.092341e-18  -9.334432e-16  -7.435891e-16  -8.227007e-14  3.879378e-13  -2.783329e-16  -4.529756e-16  -3.774820e-17  -7.632165e-17  -7.066050e-18  -5.882899e-18  -5.088040e-20  -5.209311e-20  -5.246553e-20  -4.817658e-20  -5.259710e-20  -4.578996e-20  -5.535066e-20  -5.420165e-20  -5.475426e-20  -5.396016e-20  -5.346126e-20  -4.442435e-20  -5.054044e-20  -5.278995e-20  -6.435966e-20  -6.085696e-20  -5.052695e-20  -4.366494e-20  -4.717311e-20  -4.719535e-20
  -6.472047e-20  -1.608714e-19  -3.362783e-19  -1.900245e-19  -4.278906e-16  -2.783329e-16  3.709574e-13  -7.323332e-14  -2.627505e-15  -1.046240e-14  -1.034386e-16  -6.660427e-17  -5.622706e-20  -7.797924e-20  -7.202060e-20  -4.909710e-20  -4.846036e-20  -4.916621e-20  -5.046441e-20  -5.094044e-20  -5.363142e-20  -4.831520e-20  -4.554212e-20  -4.247536e-20  -5.000750e-20  -4.669240e-20  -5.996732e-20  -5.575545e-20  -4.648586e-20  -3.998240e-20  -4.394136e-20  -4.398896e-20
  -8.096630e-20  -2.863602e-19  -6.447694e-19  -3.497844e-19  -7.010999e-16  -4.529756e-16  -7.323332e-14  3.721168e-13  -1.111911e-15  -2.854149e-15  -6.537155e-17  -4.568659e-17  -4.633812e-20  -5.021592e-20  -5.132156e-20  -4.669837e-20  -5.142046e-20  -4.666522e-20  -5.255622e-20  -5.300285e-20  -5.117012e-20  -4.924094e-20  -5.000831e-20  -4.294724e-20  -4.811754e-20  -4.913321e-20  -6.150852e-20  -5.778811e-20  -3.920398e-20  -4.395879e-20  -4.425933e-20  -4.511532e-20
  -6.141825e-20  -9.967124e-20  -1.646256e-19  -1.073980e-19  -4.230211e-17  -3.774820e-17  -2.627505e-15  -1.111911e-15  4.235481e-13  -8.932430e-14  -1.429374e-15  -7.538901e-16  -3.801485e-19  -2.918294e-19  -1.786540e-19  -1.058873e-19  -5.823495e-20  -5.453070e-20  -5.877365e-20  -5.919577e-20  -5.786458e-20  -5.539337e-20  -5.391538e-20  -5.009612e-20  -5.511830e-20  -5.456898e-20  -6.924675e-20  -6.455371e-20  -4.911160e-20  -4.849578e-20  -4.999141e-20  -5.090457e-20
  -7.601717e-20  -2.205754e-19  -4.577742e-19  -2.564376e-19  -1.039900e-16  -7.632165e-17  -1.046240e-14  -2.854149e-15  -8.932430e-14  4.246203e-13  -6.610271e-16  -3.768922e-16  -2.449223e-19  -1.966186e-19  -1.229442e-19  -8.128949e-20  -5.633848e-20  -5.283698e-20  -5.568091e-20  -5.774540e-20  -5.497973e-20  -5.748830e-20  -5.241750e-20  -4.927722e-20  -5.408118e-20  -5.307387e-20  -6.850703e-20  -6.255318e-20  -4.604790e-20  -4.846060e-20  -4.931378e-20  -4.983617e-20
  -7.003276e-20  -1.441102e-19  -2.529472e-19  -1.604355e-19  -6.366065e-18  -7.066050e-18  -1.034386e-16  -6.537155e-17  -1.429374e-15  -6.610271e-16  5.216978e-13  -1.156590e-13  -4.086136e-19  -7.907616e-19  -4.431046e-19  -2.121858e-19  -7.342099e-20  -6.699003e-20  -7.212129e-20  -7.556691e-20  -7.340394e-20  -6.959054e-20  -6.651674e-20  -6.194633e-20  -6.739920e-20  -6.768826e-20  -8.624036e-20  -7.931582e-20  -5.998613e-20  -5.979121e-20  -6.116158e-20  -6.467108e-20
  -5.558149e-20  -8.083452e-20  -9.454207e-20  -7.643936e-20  -5.252500e-18  -5.882899e-18  -6.660427e-17  -4.568659e-17  -7.538901e-16  -3.768922e-16  -1.156590e-13  5.202924e-13  -7.826934e-19  -1.229025e-18  -7.399413e-19  -3.742128e-19  -6.734678e-20  -6.141715e-20  -6.662404e-20  -6.950186e-20  -6.782673e-20  -6.555883e-20  -6.275167e-20  -5.783676e-20  -6.185564e-20  -6.393854e-20  -7.991833e-20  -7.564847e-20  -5.613251e-20  -5.607051e-20  -5.699686e-20  -5.771321e-20
  -4.965448e-20  -5.171039e-20  -6.085621e-20  -5.156052e-20  -6.056370e-20  -5.088040e-20  -5.622706e-20  -4.633812e-20  -3.801485e-19  -2.449223e-19  -4.086136e-19  -7.826934e-19  2.794054e-13  -1.044890e-18  -3.605707e-19  -2.930166e-19  -4.957354e-20  -4.543439e-20  -4.899314e-20  -5.002444e-20  -4.892578e-20  -4.776746e-20  -4.540246e-20  -4.204431e-20  -4.571232e-20  -4.609281e-20  -5.855391e-20  -5.460321e-20  -4.063406e-20  -4.087531e-20  -4.153076e-20  -4.316360e-20
  -5.082207e-20  -5.223821e-20  -6.323639e-20  -5.286533e-20  -6.311896e-20  -5.209311e-20  -7.797924e-20  -5.021592e-20  -2.918294e-19  -1.966186e-19  -7.907616e-19  -1.229025e-18  -1.044890e-18  2.829910e-13  -6.073473e-19  -4.088104e-19  -5.030545e-20  -4.610643e-20  -4.983324e-20  -5.066769e-20  -4.968160e-20  -4.864513e-20  -4.612796e-20  -4.287720e-20  -4.639396e-20  -4.678069e-20  -5.932115e-20  -5.560744e-20  -4.135921e-20  -4.152555e-20  -4.228639e-20  -4.359656e-20
  -5.473336e-20  -5.279309e-20  -6.056859e-20  -5.489278e-20  -5.950157e-20  -5.246553e-20  -7.202060e-20  -5.132156e-20  -1.786540e-19  -1.229442e-19  -4.431046e-19  -7.399413e-19  -3.605707e-19  -6.073473e-19  3.020427e-13  -3.346198e-19  -5.576349e-20  -4.943325e-20  -5.680490e-20  -5.408854e-20  -5.273658e-20  -5.285525e-20  -4.940628e-20  -4.580915e-20  -5.027193e-20  -4.957795e-20  -6.502683e-20  -5.874914e-20  -4.746551e-20  -4.220144e-20  -4.681600e-20  -5.140747e-20
  -5.271276e-20  -5.264525e-20  -5.784062e-20  -5.015831e-20  -5.324959e-20  -4.817658e-20  -4.909710e-20  -4.669837e-20  -1.058873e-19  -8.128949e-20  -2.121858e-19  -3.742128e-19  -2.930166e-19  -4.088104e-19  -3.346198e-19  2.922407e-13  -5.134642e-20  -4.791375e-20  -5.041453e-20  -5.270494e-20  -5.190691e-20  -4.950555e-20  -4.811714e-20  -4.507647e-20  -4.808995e-20  -4.843927e-20  -6.052163e-20  -5.800907e-20  -4.257044e-20  -4.398052e-20  -4.306822e-20  -4.412654e-20
  -3.243604e-20  -7.081504e-20  -5.991298e-20  -5.692469e-20  -5.850847e-20  -5.259710e-20  -4.846036e-20  -5.142046e-20  -5.823495e-20  -5.633848e-20  -7.342099e-20  -6.734678e-20  -4.957354e-20  -5.030545e-20  -5.576349e-20  -5.134642e-20  4.222964e-13  -7.914042e-14  -2.895033e-16  -5.371526e-17  -9.116262e-19  -4.759955e-19  -8.182321e-20  -7.041022e-20  -7.763194e-20  -6.698131e-20  -7.287354e-20  -5.827932e-20  -4.963728e-20  -5.194067e-20  -5.165690e-20  -5.436115e-20
  -6.326319e-20  -5.865864e-20  -5.774947e-20  -4.877495e-20  -4.940347e-20  -4.578996e-20  -4.916621e-20  -4.666522e-20  -5.453070e-20  -5.283698e-20  -6.699003e-20  -6.141715e-20  -4.543439e-20  -4.610643e-20  -4.943325e-20  -4.791375e-20  -7.914042e-14  4.377007e-13  -7.243260e-16  -2.461838e-16  -2.829806e-19  -2.044231e-19  -2.358594e-19  -1.538939e-19  -1.852438e-19  -1.193213e-19  -1.899786e-19  -7.305579e-20  -4.878852e-20  -4.394376e-20  -4.910856e-20  -5.128406e-20
  -5.447655e-20  -5.735768e-20  -7.068082e-20  -5.401869e-20  -5.841356e-20  -5.535066e-20  -5.046441e-20  -5.255622e-20  -5.877365e-20  -5.568091e-20  -7.212129e-20  -6.662404e-20  -4.899314e-20  -4.983324e-20  -5.680490e-20  -5.041453e-20  -2.895033e-16  -7.243260e-16  4.452924e-13  -9.096823e-14  -4.834258e-16  -2.512071e-16  -6.426358e-18  -1.547698e-17  -2.971373e-18  -1.585750e-19  -2.400894e-19  -1.709509e-18  -6.747271e-20  -4.390071e-20  -5.100833e-20  -5.739404e-20
  -6.280633e-20  -6.222354e-20  -6.601055e-20  -5.741309e-20  -5.872879e-20  -5.420165e-20  -5.094044e-20  -5.300285e-20  -5.919577e-20  -5.774540e-20  -7.556691e-20  -6.950186e-20  -5.002444e-20  -5.066769e-20  -5.408854e-20  -5.270494e-20  -5.371526e-17  -2.461838e-16  -9.096823e-14  4.538092e-13  -1.155749e-15  -5.367385e-16  -1.215671e-17  -2.760915e-17  -4.232759e-18  -2.225475e-19  -3.583241e-19  -1.999220e-18  -6.113643e-20  -5.726279e-20  -5.304199e-20  -5.989160e-20
  -6.077728e-20  -5.119119e-20  -6.565134e-20  -5.371027e-20  -5.638025e-20  -5.475426e-20  -5.363142e-20  -5.117012e-20  -5.786458e-20  -5.497973e-20  -7.340394e-20  -6.782673e-20  -4.892578e-20  -4.968160e-20  -5.273658e-20  -5.190691e-20  -9.116262e-19  -2.829806e-19  -4.834258e-16  -1.155749e-15  4.362736e-13  -8.650563e-14  -3.841886e-16  -2.576630e-16  -1.670499e-17  -9.672728e-18  -9.778718e-19  -9.167355e-19  -5.577660e-20  -5.335621e-20  -4.748708e-20  -5.987221e-20
  -5.657707e-20  -5.231503e-20  -6.286094e-20  -5.648776e-20  -5.160841e-20  -5.396016e-20  -4.831520e-20  -4.924094e-20  -5.539337e-20  -5.748830e-20  -6.959054e-20  -6.555883e-20  -4.776746e-20  -4.864513e-20  -5.285525e-20  -4.950555e-20  -4.759955e-19  -2.044231e-19  -2.512071e-16  -5.367385e-16  -8.650563e-14  4.216115e-13  -1.044025e-15  -8.652175e-16  -8.742579e-17  -2.148988e-17  -1.738605e-18  -1.265560e-17  -7.484496e-20  -6.604759e-20  -6.141783e-20  -7.013576e-20
  -5.491169e-20  -5.620646e-20  -6.020299e-20  -5.508945e-20  -5.298750e-20  -5.346126e-20  -4.554212e-20  -5.000831e-20  -5.391538e-20  -5.241750e-20  -6.651674e-20  -6.275167e-20  -4.540246e-20  -4.612796e-20  -4.940628e-20  -4.811714e-20  -8.182321e-20  -2.358594e-19  -6.426358e-18  -1.215671e-17  -3.841886e-16  -1.044025e-15  3.901779e-13  -7.137031e-14  -1.013956e-15  -3.924730e-16  -1.273786e-17  -8.286760e-18  -5.498898e-20  -5.844708e-20  -4.918882e-20  -6.118324e-20
  -5.240107e-20  -5.841278e-20  -5.857163e-20  -4.810098e-20  -4.847506e-20  -4.442435e-20  -4.247536e-20  -4.294724e-20  -5.009612e-20  -4.927722e-20  -6.194633e-20  -5.783676e-20  -4.204431e-20  -4.287720e-20  -4.580915e-20  -4.507647e-20  -7.041022e-20  -1.538939e-19  -1.547698e-17  -2.760915e-17  -2.576630e-16  -8.652175e-16  -7.137031e-14  3.717705e-13  -4.074434e-15  -1.109177e-15  -2.407469e-17  -5.016169e-17  -8.899869e-20  -1.072832e-19  -5.411918e-20  -1.071999e-19
  -5.541906e-20  -5.181561e-20  -6.504434e-20  -5.262871e-20  -5.207825e-20  -5.054044e-20  -5.000750e-20  -4.811754e-20  -5.511830e-20  -5.408118e-20  -6.739920e-20  -6.185564e-20  -4.571232e-20  -4.639396e-20  -5.027193e-20  -4.808995e-20  -7.763194e-20  -1.852438e-19  -2.971373e-18  -4.232759e-18  -1.670499e-17  -8.742579e-17  -1.013956e-15  -4.074434e-15  4.299300e-13  -1.043034e-13  -1.146335e-15  -7.875149e-16  -2.991829e-19  -2.141610e-19  -8.143345e-20  -1.662981e-19
  -5.536208e-20  -5.882195e-20  -6.183977e-20  -5.479017e-20  -5.450390e-20  -5.278995e-20  -4.669240e-20  -4.913321e-20  -5.456898e-20  -5.307387e-20  -6.768826e-20  -6.393854e-20  -4.609281e-20  -4.678069e-20  -4.957795e-20  -4.843927e-20  -6.698131e-20  -1.193213e-19  -1.585750e-19  -2.225475e-19  -9.672728e-18  -2.148988e-17  -3.924730e-16  -1.109177e-15  -1.043034e-13  4.297311e-13  -2.394525e-15  -1.160607e-15  -4.595354e-19  -3.189391e-19  -1.044521e-19  -2.510743e-19
  -7.090404e-20  -7.182841e-20  -7.700384e-20  -6.785950e-20  -6.793425e-20  -6.435966e-20  -5.996732e-20  -6.150852e-20  -6.924675e-20  -6.850703e-20  -8.624036e-20  -7.991833e-20  -5.855391e-20  -5.932115e-20  -6.502683e-20  -6.052163e-20  -7.287354e-20  -1.899786e-19  -2.400894e-19  -3.583241e-19  -9.778718e-19  -1.738605e-18  -1.273786e-17  -2.407469e-17  -1.146335e-15  -2.394525e-15  5.218752e-13  -1.162894e-13  -4.393757e-19  -7.932210e-19  -2.203218e-19  -5.529545e-19
  -6.487966e-20  -6.873279e-20  -7.329991e-20  -6.337624e-20  -6.434537e-20  -6.085696e-20  -5.575545e-20  -5.778811e-20  -6.455371e-20  -6.255318e-20  -7.931582e-20  -7.564847e-20  -5.460321e-20  -5.560744e-20  -5.874914e-20  -5.800907e-20  -5.827932e-20  -7.305579e-20  -1.709509e-18  -1.999220e-18  -9.167355e-19  -1.265560e-17  -8.286760e-18  -5.016169e-17  -7.875149e-16  -1.160607e-15  -1.162894e-13  5.221364e-13  -8.298549e-19  -1.232862e-18  -4.792752e-19  -8.128548e-19
  -4.728311e-20  -5.589876e-20  -5.607202e-20  -5.342128e-20  -4.850779e-20  -5.052695e-20  -4.648586e-20  -3.920398e-20  -4.911160e-20  -4.604790e-20  -5.998613e-20  -5.613251e-20  -4.063406e-20  -4.135921e-20  -4.746551e-20  -4.257044e-20  -4.963728e-20  -4.878852e-20  -6.747271e-20  -6.113643e-20  -5.577660e-20  -7.484496e-20  -5.498898e-20  -8.899869e-20  -2.991829e-19  -4.595354e-19  -4.393757e-19  -8.298549e-19  2.839644e-13  -1.304357e-18  -3.959102e-19  -4.637228e-19
  -5.058717e-20  -4.499668e-20  -5.100490e-20  -4.706248e-20  -4.331166e-20  -4.366494e-20  -3.998240e-20  -4.395879e-20  -4.849578e-20  -4.846060e-20  -5.979121e-20  -5.607051e-20  -4.087531e-20  -4.152555e-20  -4.220144e-20  -4.398052e-20  -5.194067e-20  -4.394376e-20  -4.390071e-20  -5.726279e-20  -5.335621e-20  -6.604759e-20  -5.844708e-20  -1.072832e-19  -2.141610e-19  -3.189391e-19  -7.932210e-19  -1.232862e-18  -1.304357e-18  2.836347e-13  -4.876437e-19  -6.854875e-19
  -5.168912e-20  -4.558524e-20  -5.528295e-20  -4.910010e-20  -4.879636e-20  -4.717311e-20  -4.394136e-20  -4.425933e-20  -4.999141e-20  -4.931378e-20  -6.116158e-20  -5.699686e-20  -4.153076e-20  -4.228639e-20  -4.681600e-20  -4.306822e-20  -5.165690e-20  -4.910856e-20  -5.100833e-20  -5.304199e-20  -4.748708e-20  -6.141783e-20  -4.918882e-20  -5.411918e-20  -8.143345e-20  -1.044521e-19  -2.203218e-19  -4.792752e-19  -3.959102e-19  -4.876437e-19  2.874369e-13  -3.735115e-19
  -5.439221e-20  -5.075735e-20  -5.532874e-20  -5.049429e-20  -4.947574e-20  -4.719535e-20  -4.398896e-20  -4.511532e-20  -5.090457e-20  -4.983617e-20  -6.467108e-20  -5.771321e-20  -4.316360e-20  -4.359656e-20  -5.140747e-20  -4.412654e-20  -5.436115e-20  -5.128406e-20  -5.739404e-20  -5.989160e-20  -5.987221e-20  -7.013576e-20  -6.118324e-20  -1.071999e-19  -1.662981e-19  -2.510743e-19  -5.529545e-19  -8.128548e-19  -4.637228e-19  -6.854875e-19  -3.735115e-19  3.002305e-13
E_FREQ

B_FREQ 1.000000e+00
  4.245858e-13  -7.943466e-14  -9.151865e-17  -7.203267e-16  -1.307248e-18  -2.910317e-17  -6.472047e-20  -8.096630e-20  -6.141825e-20  -7.601717e-20  -7.003276e-20  -5.558149e-20  -4.965448e-20  -5.082207e-20  -5.473336e-20  -5.271276e-20  -3.243604e-20  -6.326319e-20  -5.447655e-20  -6.280633e-20  -6.077728e-20  -5.657707e-20  -5.491169e-20  -5.240107e-20  -5.541906e-20  -5.536208e-20  -7.090404e-20  -6.487966e-20  -4.728311e-20  -5.058717e-20  -5.168912e-20  -5.439221e-20
  -7.943466e-14  4.359994e-13  -5.433943e-16  -1.806042e-15  -2.563657e-18  -3.092341e-18  -1.608714e-19  -2.863602e-19  -9.967124e-20  -2.205754e-19  -1.441102e-19  -8.083452e-20  -5.171039e-20  -5.223821e-20  -5.279309e-20  -5.264525e-20  -7.081504e-20  -5.865864e-20  -5.735768e-20  -6.222354e-20  -5.119119e-20  -5.231503e-20  -5.620646e-20  -5.841278e-20  -5.181561e-20  -5.882195e-20  -7.182841e-20  -6.873279e-20  -5.589876e-20  -4.499668e-20  -4.558524e-20  -5.075735e-20
  -9.151865e-17  -5.433943e-16  4.536512e-13  -9.043920e-14  -3.904366e-16  -9.334432e-16  -3.362783e-19  -6.447694e-19  -1.646256e-19  -4.577742e-19  -2.529472e-19  -9.454207e-20  -6.085621e-20  -6.323639e-20  -6.056859e-20  -5.784062e-20  -5.991298e-20  -5.774947e-20  -7.068082e-20  -6.601055e-20  -6.565134e-20  -6.286094e-20  -6.020299e-20  -5.857163e-20  -6.504434e-20  -6.183977e-20  -7.700384e-20  -7.329991e-20  -5.607202e-20  -5.100490e-20  -5.528295e-20  -5.532874e-20
  -7.203267e-16  -1.806042e-15  -9.043920e-14  4.197478e-13  -2.191416e-16  -7.435891e-16  -1.900245e-19  -3.497844e-19  -1.073980e-19  -2.564376e-19  -1.604355e-19  -7.643936e-20  -5.156052e-20  -5.286533e-20  -5.489278e-20  -5.015831e-20  -5.692469e-20  -4.877495e-20  -5.401869e-20  -5.741309e-20  -5.371027e-20  -5.648776e-20  -5.508945e-20  -4.810098e-20  -5.262871e-20  -5.479017e-20  -6.785950e-20  -6.337624e-20  -5.342128e-20  -4.706248e-20  -4.910010e-20  -5.049429e-20
  -1.307248e-18  -2.563657e-18  -3.904366e-16  -2.191416e-16  4.097702e-13  -8.227007e-14  -4.278906e-16  -7.010999e-16  -4.230211e-17  -1.039900e-16  -6.366065e-18  -5.252500e-18  -6.056370e-20  -6.311896e-20  -5.950157e-20  -5.324959e-20  -5.850847e-20  -4.940347e-20  -5.841356e-20  -5.872879e-20  -5.638025e-20  -5.160841e-20  -5.298750e-20  -4.847506e-20  -5.207825e-20  -5.450390e-20  -6.793425e-20  -6.434537e-20  -4.850779e-20  -4.331166e-20  -4.879636e-20  -4.947574e-20
  -2.910317e-17  -3.092341e-18  -9.334432e-16  -7.435891e-16  -8.227007e-14  3.879378e-13  -2.783329e-16  -4.529756e-16  -3.774820e-17  -7.632165e-17  -7.066050e-18  -5.882899e-18  -5.088040e-20  -5.209311e-20  -5.246553e-20  -4.817658e-20  -5.259710e-20  -4.578996e-20  -5.535066e-20  -5.420165e-20  -5.475426e-20  -5.396016e-20  -5.346126e-20  -4.442435e-20  -5.054044e-20  -5.278995e-20  -6.435966e-20  -6.085696e-20  -5.052695e-20  -4.366494e-20  -4.717311e-20  -4.719535e-20
  -6.472047e-20  -1.608714e-19  -3.362783e-19  -1.900245e-19  -4.278906e-16  -2.783329e-16  3.709574e-13  -7.323332e-14  -2.627505e-15  -1.046240e-14  -1.034386e-16  -6.660427e-17  -5.622706e-20  -7.797924e-20  -7.202060e-20  -4.909710e-20  -4.846036e-20  -4.916621e-20  -5.046441e-20  -5.094044e-20  -5.363142e-20  -4.831520e-20  -4.554212e-20  -4.247536e-20  -5.000750e-20  -4.669240e-20  -5.996732e-20  -5.575545e-20  -4.648586e-20  -3.998240e-20  -4.394136e-20  -4.398896e-20
  -8.096630e-20  -2.863602e-19  -6.447694e-19  -3.497844e-19  -7.010999e-16  -4.529756e-16  -7.323332e-14  3.721168e-13  -1.111911e-15  -2.854149e-15  -6.537155e-17  -4.568659e-17  -4.633812e-20  -5.021592e-20  -5.132156e-20  -4.669837e-20  -5.142046e-20  -4.666522e-20  -5.255622e-20  -5.300285e-20  -5.117012e-20  -4.924094e-20  -5.000831e-20  -4.294724e-20  -4.811754e-20  -4.913321e-20  -6.150852e-20  -5.778811e-20  -3.920398e-20  -4.395879e-20  -4.425933e-20  -4.511532e-20
  -6.141825e-20  -9.967124e-20  -1.646256e-19  -1.073980e-19  -4.230211e-17  -3.774820e-17  -2.627505e-15  -1.111911e-15  4.235481e-13  -8.932430e-14  -1.429374e-15  -7.538901e-16  -3.801485e-19  -2.918294e-19  -1.786540e-19  -1.058873e-19  -5.823495e-20  -5.453070e-20  -5.877365e-20  -5.919577e-20  -5.786458e-20  -5.539337e-20  -5.391538e-20  -5.009612e-20  -5.511830e-20  -5.456898e-20  -6.924675e-20  -6.455371e-20  -4.911160e-20  -4.849578e-20  -4.999141e-20  -5.090457e-20
  -7.601717e-20  -2.205754e-19  -4.577742e-19  -2.564376e-19  -1.039900e-16  -7.632165e-17  -1.046240e-14  -2.854149e-15  -8.932430e-14  4.246203e-13  -6.610271e-16  -3.768922e-16  -2.449223e-19  -1.966186e-19  -1.229442e-19  -8.128949e-20  -5.633848e-20  -5.283698e-20  -5.568091e-20  -5.774540e-20  -5.497973e-20  -5.748830e-20  -5.241750e-20  -4.927722e-20  -5.408118e-20  -5.307387e-20  -6.850703e-20  -6.255318e-20  -4.604790e-20  -4.846060e-20  -4.931378e-20  -4.983617e-20
  -7.003276e-20  -1.441102e-19  -2.529472e-19  -1.604355e-19  -6.366065e-18  -7.066050e-18  -1.034386e-16  -6.537155e-17  -1.429374e-15  -6.610271e-16  5.216978e-13  -1.156590e-13  -4.086136e-19  -7.907616e-19  -4.431046e-19  -2.121858e-19  -7.342099e-20  -6.699003e-20  -7.212129e-20  -7.556691e-20  -7.340394e-20  -6.959054e-20  -6.651674e-20  -6.194633e-20  -6.739920e-20  -6.768826e-20  -8.624036e-20  -7.931582e-20  -5.998613e-20  -5.979121e-20  -6.116158e-20  -6.467108e-20
  -5.558149e-20  -8.083452e-20  -9.454207e-20  -7.643936e-20  -5.252500e-18  -5.882899e-18  -6.660427e-17  -4.568659e-17  -7.538901e-16  -3.768922e-16  -1.156590e-13  5.202924e-13  -7.826934e-19  -1.229025e-18  -7.399413e-19  -3.742128e-19  -6.734678e-20  -6.141715e-20  -6.662404e-20  -6.950186e-20  -6.782673e-20  -6.555883e-20  -6.275167e-20  -5.783676e-20  -6.185564e-20  -6.393854e-20  -7.991833e-20  -7.564847e-20  -5.613251e-20  -5.607051e-20  -5.699686e-20  -5.771321e-20
  -4.965448e-20  -5.171039e-20  -6.085621e-20  -5.156052e-20  -6.056370e-20  -5.088040e-20  -5.622706e-20  -4.633812e-20  -3.801485e-19  -2.449223e-19  -4.086136e-19  -7.826934e-19  2.794054e-13  -1.044890e-18  -3.605707e-19  -2.930166e-19  -4.957354e-20  -4.543439e-20  -4.899314e-20  -5.002444e-20  -4.892578e-20  -4.776746e-20  -4.540246e-20  -4.204431e-20  -4.571232e-20  -4.609281e-20  -5.855391e-20  -5.460321e-20  -4.063406e-20  -4.087531e-20  -4.153076e-20  -4.316360e-20
  -5.082207e-20  -5.223821e-20  -6.323639e-20  -5.286533e-20  -6.311896e-20  -5.209311e-20  -7.797924e-20  -5.021592e-20  -2.918294e-19  -1.966186e-19  -7.907616e-19  -1.229025e-18  -1.044890e-18  2.829910e-13  -6.073473e-19  -4.088104e-19  -5.030545e-20  -4.610643e-20  -4.983324e-20  -5.066769e-20  -4.968160e-20  -4.864513e-20  -4.612796e-20  -4.287720e-20  -4.639396e-20  -4.678069e-20  -5.932115e-20  -5.560744e-20  -4.135921e-20  -4.152555e-20  -4.228639e-20  -4.359656e-20
  -5.473336e-20  -5.279309e-20  -6.056859e-20  -5.489278e-20  -5.950157e-20  -5.246553e-20  -7.202060e-20  -5.132156e-20  -1.786540e-19  -1.229442e-19  -4.431046e-19  -7.399413e-19  -3.605707e-19  -6.073473e-19  3.020427e-13  -3.346198e-19  -5.576349e-20  -4.943325e-20  -5.680490e-20  -5.408854e-20  -5.273658e-20  -5.285525e-20  -4.940628e-20  -4.580915e-20  -5.027193e-20  -4.957795e-20  -6.502683e-20  -5.874914e-20  -4.746551e-20  -4.220144e-20  -4.681600e-20  -5.140747e-20
  -5.271276e-20  -5.264525e-20  -5.784062e-20  -5.015831e-20  -5.324959e-20  -4.817658e-20  -4.909710e-20  -4.669837e-20  -1.058873e-19  -8.128949e-20  -2.121858e-19  -3.742128e-19  -2.930166e-19  -4.088104e-19  -3.346198e-19  2.922407e-13  -5.134642e-20  -4.791375e-20  -5.041453e-20  -5.270494e-20  -5.190691e-20  -4.950555e-20  -4.811714e-20  -4.507647e-20  -4.808995e-20  -4.843927e-20  -6.052163e-20  -5.800907e-20  -4.257044e-20  -4.398052e-20  -4.306822e-20  -4.412654e-20
  -3.243604e-20  -7.081504e-20  -5.991298e-20  -5.692469e-20  -5.850847e-20  -5.259710e-20  -4.846036e-20  -5.142046e-20  -5.823495e-20  -5.633848e-20  -7.342099e-20  -6.734678e-20  -4.957354e-20  -5.030545e-20  -5.576349e-20  -5.134642e-20  4.222964e-13  -7.914042e-14  -2.895033e-16  -5.371526e-17  -9.116262e-19  -4.759955e-19  -8.182321e-20  -7.041022e-20  -7.763194e-20  -6.698131e-20  -7.287354e-20  -5.827932e-20  -4.963728e-20  -5.194067e-20  -5.165690e-20  -5.436115e-20
  -6.326319e-20  -5.865864e-20  -5.774947e-20  -4.877495e-20  -4.940347e-20  -4.578996e-20  -4.916621e-20  -4.666522e-20  -5.453070e-20  -5.283698e-20  -6.699003e-20  -6.141715e-20  -4.543439e-20  -4.610643e-20  -4.943325e-20  -4.791375e-20  -7.914042e-14  4.377007e-13  -7.243260e-16  -2.461838e-16  -2.829806e-19  -2.044231e-19  -2.358594e-19  -1.538939e-19  -1.852438e-19  -1.193213e-19  -1.899786e-19  -7.305579e-20  -4.878852e-20  -4.394376e-20  -4.910856e-20  -5.128406e-20
  -5.447655e-20  -5.735768e-20  -7.068082e-20  -5.401869e-20  -5.841356e-20  -5.535066e-20  -5.046441e-20  -5.255622e-20  -5.877365e-20  -5.568091e-20  -7.212129e-20  -6.662404e-20  -4.899314e-20  -4.983324e-20  -5.680490e-20  -5.041453e-20  -2.895033e-16  -7.243260e-16  4.452924e-13  -9.096823e-14  -4.834258e-16  -2.512071e-16  -6.426358e-18  -1.547698e-17  -2.971373e-18  -1.585750e-19  -2.400894e-19  -1.709509e-18  -6.747271e-20  -4.390071e-20  -5.100833e-20  -5.739404e-20
  -6.280633e-20  -6.222354e-20  -6.601055e-20  -5.741309e-20  -5.872879e-20  -5.420165e-20  -5.094044e-20  -5.300285e-20  -5.919577e-20  -5.774540e-20  -7.556691e-20  -6.950186e-20  -5.002444e-20  -5.066769e-20  -5.408854e-20  -5.270494e-20  -5.371526e-17  -2.461838e-16  -9.096823e-14  4.538092e-13  -1.155749e-15  -5.367385e-16  -1.215671e-17  -2.760915e-17  -4.232759e-18  -2.225475e-19  -3.583241e-19  -1.999220e-18  -6.113643e-20  -5.726279e-20  -5.304199e-20  -5.989160e-20
  -6.077728e-20  -5.119119e-20  -6.565134e-20  -5.371027e-20  -5.638025e-20  -5.475426e-20  -5.363142e-20  -5.117012e-20  -5.786458e-20  -5.497973e-20  -7.340394e-20  -6.782673e-20  -4.892578e-20  -4.968160e-20  -5.273658e-20  -5.190691e-20  -9.116262e-19  -2.829806e-19  -4.834258e-16  -1.155749e-15  4.362736e-13  -8.650563e-14  -3.841886e-16  -2.576630e-16  -1.670499e-17  -9.672728e-18  -9.778718e-19  -9.167355e-19  -5.577660e-20  -5.335621e-20  -4.748708e-20  -5.987221e-20
  -5.657707e-20  -5.231503e-20  -6.286094e-20  -5.648776e-20  -5.160841e-20  -5.396016e-20  -4.831520e-20  -4.924094e-20  -5.539337e-20  -5.748830e-20  -6.959054e-20  -6.555883e-20  -4.776746e-20  -4.864513e-20  -5.285525e-20  -4.950555e-20  -4.759955e-19  -2.044231e-19  -2.512071e-16  -5.367385e-16  -8.650563e-14  4.216115e-13  -1.044025e-15  -8.652175e-16  -8.742579e-17  -2.148988e-17  -1.738605e-18  -1.265560e-17  -7.484496e-20  -6.604759e-20  -6.141783e-20  -7.013576e-20
  -5.491169e-20  -5.620646e-20  -6.020299e-20  -5.508945e-20  -5.298750e-20  -5.346126e-20  -4.554212e-20  -5.000831e-20  -5.391538e-20  -5.241750e-20  -6.651674e-20  -6.275167e-20  -4.540246e-20  -4.612796e-20  -4.940628e-20  -4.811714e-20  -8.182321e-20  -2.358594e-19  -6.426358e-18  -1.215671e-17  -3.841886e-16  -1.044025e-15  3.901779e-13  -7.137031e-14  -1.013956e-15  -3.924730e-16  -1.273786e-17  -8.286760e-18  -5.498898e-20  -5.844708e-20  -4.918882e-20  -6.118324e-20
  -5.240107e-20  -5.841278e-20  -5.857163e-20  -4.810098e-20  -4.847506e-20  -4.442435e-20  -4.247536e-20  -4.294724e-20  -5.009612e-20  -4.927722e-20  -6.194633e-20  -5.783676e-20  -4.204431e-20  -4.287720e-20  -4.580915e-20  -4.507647e-20  -7.041022e-20  -1.538939e-19  -1.547698e-17  -2.760915e-17  -2.576630e-16  -8.652175e-16  -7.137031e-14  3.717705e-13  -4.074434e-15  -1.109177e-15  -2.407469e-17  -5.016169e-17  -8.899869e-20  -1.072832e-19  -5.411918e-20  -1.071999e-19
  -5.541906e-20  -5.181561e-20  -6.504434e-20  -5.262871e-20  -5.207825e-20  -5.054044e-20  -5.000750e-20  -4.811754e-20  -5.511830e-20  -5.408118e-20  -6.739920e-20  -6.185564e-20  -4.571232e-20  -4.639396e-20  -5.027193e-20  -4.808995e-20  -7.763194e-20  -1.852438e-19  -2.971373e-18  -4.232759e-18  -1.670499e-17  -8.742579e-17  -1.013956e-15  -4.074434e-15  4.299300e-13  -1.043034e-13  -1.146335e-15  -7.875149e-16  -2.991829e-19  -2.141610e-19  -8.143345e-20  -1.662981e-19
  -5.536208e-20  -5.882195e-20  -6.183977e-20  -5.479017e-20  -5.450390e-20  -5.278995e-20  -4.669240e-20  -4.913321e-20  -5.456898e-20  -5.307387e-20  -6.768826e-20  -6.393854e-20  -4.609281e-20  -4.678069e-20  -4.957795e-20  -4.843927e-20  -6.698131e-20  -1.193213e-19  -1.585750e-19  -2.225475e-19  -9.672728e-18  -2.148988e-17  -3.924730e-16  -1.109177e-15  -1.043034e-13  4.297311e-13  -2.394525e-15  -1.160607e-15  -4.595354e-19  -3.189391e-19  -1.044521e-19  -2.510743e-19
  -7.090404e-20  -7.182841e-20  -7.700384e-20  -6.785950e-20  -6.793425e-20  -6.435966e-20  -5.996732e-20  -6.150852e-20  -6.924675e-20  -6.850703e-20  -8.624036e-20  -7.991833e-20  -5.855391e-20  -5.932115e-20  -6.502683e-20  -6.052163e-20  -7.287354e-20  -1.899786e-19  -2.400894e-19  -3.583241e-19  -9.778718e-19  -1.738605e-18  -1.273786e-17  -2.407469e-17  -1.146335e-15  -2.394525e-15  5.218752e-13  -1.162894e-13  -4.393757e-19  -7.932210e-19  -2.203218e-19  -5.529545e-19
  -6.487966e-20  -6.873279e-20  -7.329991e-20  -6.337624e-20  -6.434537e-20  -6.085696e-20  -5.575545e-20  -5.778811e-20  -6.455371e-20  -6.255318e-20  -7.931582e-20  -7.564847e-20  -5.460321e-20  -5.560744e-20  -5.874914e-20  -5.800907e-20  -5.827932e-20  -7.305579e-20  -1.709509e-18  -1.999220e-18  -9.167355e-19  -1.265560e-17  -8.286760e-18  -5.016169e-17  -7.875149e-16  -1.160607e-15  -1.162894e-13  5.221364e-13  -8.298549e-19  -1.232862e-18  -4.792752e-19  -8.128548e-19
  -4.728311e-20  -5.589876e-20  -5.607202e-20  -5.342128e-20  -4.850779e-20  -5.052695e-20  -4.648586e-20  -3.920398e-20  -4.911160e-20  -4.604790e-20  -5.998613e-20  -5.613251e-20  -4.063406e-20  -4.135921e-20  -4.746551e-20  -4.257044e-20  -4.963728e-20  -4.878852e-20  -6.747271e-20  -6.113643e-20  -5.577660e-20  -7.484496e-20  -5.498898e-20  -8.899869e-20  -2.991829e-19  -4.595354e-19  -4.393757e-19  -8.298549e-19  2.839644e-13  -1.304357e-18  -3.959102e-19  -4.637228e-19
  -5.058717e-20  -4.499668e-20  -5.100490e-20  -4.706248e-20  -4.331166e-20  -4.366494e-20  -3.998240e-20  -4.395879e-20  -4.849578e-20  -4.846060e-20  -5.979121e-20  -5.607051e-20  -4.087531e-20  -4.152555e-20  -4.220144e-20  -4.398052e-20  -5.194067e-20  -4.394376e-20  -4.390071e-20  -5.726279e-20  -5.335621e-20  -6.604759e-20  -5.844708e-20  -1.072832e-19  -2.141610e-19  -3.189391e-19  -7.932210e-19  -1.232862e-18  -1.304357e-18  2.836347e-13  -4.876437e-19  -6.854875e-19
  -5.168912e-20  -4.558524e-20  -5.528295e-20  -4.910010e-20  -4.879636e-20  -4.717311e-20  -4.394136e-20  -4.425933e-20  -4.999141e-20  -4.931378e-20  -6.116158e-20  -5.699686e-20  -4.153076e-20  -4.228639e-20  -4.681600e-20  -4.306822e-20  -5.165690e-20  -4.910856e-20  -5.100833e-20  -5.304199e-20  -4.748708e-20  -6.141783e-20  -4.918882e-20  -5.411918e-20  -8.143345e-20  -1.044521e-19  -2.203218e-19  -4.792752e-19  -3.959102e-19  -4.876437e-19  2.874369e-13  -3.735115e-19
  -5.439221e-20  -5.075735e-20  -5.532874e-20  -5.049429e-20  -4.947574e-20  -4.719535e-20  -4.398896e-20  -4.511532e-20  -5.090457e-20  -4.983617e-20  -6.467108e-20  -5.771321e-20  -4.316360e-20  -4.359656e-20  -5.140747e-20  -4.412654e-20  -5.436115e-20  -5.128406e-20  -5.739404e-20  -5.989160e-20  -5.987221e-20  -7.013576e-20  -6.118324e-20  -1.071999e-19  -1.662981e-19  -2.510743e-19  -5.529545e-19  -8.128548e-19  -4.637228e-19  -6.854875e-19  -3.735115e-19  3.002305e-13
E_FREQ

B_FREQ 1.258925e+00
  4.245858e-13  -7.943466e-14  -9.151865e-17  -7.203267e-16  -1.307248e-18  -2.910317e-17  -6.472047e-20  -8.096630e-20  -6.141825e-20  -7.601717e-20  -7.003276e-20  -5.558149e-20  -4.965448e-20  -5.082207e-20  -5.473336e-20  -5.271276e-20  -3.243604e-20  -6.326319e-20  -5.447655e-20  -6.280633e-20  -6.077728e-20  -5.657707e-20  -5.491169e-20  -5.240107e-20  -5.541906e-20  -5.536208e-20  -7.090404e-20  -6.487966e-20  -4.728311e-20  -5.058717e-20  -5.168912e-20  -5.439221e-20
  -7.943466e-14  4.359994e-13  -5.433943e-16  -1.806042e-15  -2.563657e-18  -3.092341e-18  -1.608714e-19  -2.863602e-19  -9.967124e-20  -2.205754e-19  -1.441102e-19  -8.083452e-20  -5.171039e-20  -5.223821e-20  -5.279309e-20  -5.264525e-20  -7.081504e-20  -5.865864e-20  -5.735768e-20  -6.222354e-20  -5.119119e-20  -5.231503e-20  -5.620646e-20  -5.841278e-20  -5.181561e-20  -5.882195e-20  -7.182841e-20  -6.873279e-20  -5.589876e-20  -4.499668e-20  -4.558524e-20  -5.075735e-20
  -9.151865e-17  -5.433943e-16  4.536512e-13  -9.043920e-14  -3.904366e-16  -9.334432e-16  -3.362783e-19  -6.447694e-19  -1.646256e-19  -4.577742e-19  -2.529472e-19  -9.454207e-20  -6.085621e-20  -6.323639e-20  -6.056859e-20  -5.784062e-20  -5.991298e-20  -5.774947e-20  -7.068082e-20  -6.601055e-20  -6.565134e-20  -6.286094e-20  -6.020299e-20  -5.857163e-20  -6.504434e-20  -6.183977e-20  -7.700384e-20  -7.329991e-20  -5.607202e-20  -5.100490e-20  -5.528295e-20  -5.532874e-20
  -7.203267e-16  -1.806042e-15  -9.043920e-14  4.197478e-13  -2.191416e-16  -7.435891e-16  -1.900245e-19  -3.497844e-19  -1.073980e-19  -2.564376e-19  -1.604355e-19  -7.643936e-20  -5.156052e-20  -5.286533e-20  -5.489278e-20  -5.015831e-20  -5.692469e-20  -4.877495e-20  -5.401869e-20  -5.741309e-20  -5.371027e-20  -5.648776e-20  -5.508945e-20  -4.810098e-20  -5.262871e-20  -5.479017e-20  -6.785950e-20  -6.337624e-20  -5.342128e-20  -4.706248e-20  -4.910010e-20  -5.049429e-20
  -1.307248e-18  -2.563657e-18  -3.904366e-16  -2.191416e-16  4.097702e-13  -8.227007e-14  -4.278906e-16  -7.010999e-16  -4.230211e-17  -1.039900e-16  -6.366065e-18  -5.252500e-18  -6.056370e-20  -6.311896e-20  -5.950157e-20  -5.324959e-20  -5.850847e-20  -4.940347e-20  -5.841356e-20  -5.872879e-20  -5.638025e-20  -5.160841e-20  -5.298750e-20  -4.847506e-20  -5.207825e-20  -5.450390e-20  -6.793425e-20  -6.434537e-20  -4.850779e-20  -4.331166e-20  -4.879636e-20  -4.947574e-20
  -2.910317e-17  -3.092341e-18  -9.334432e-16  -7.435891e-16  -8.227007e-14  3.879378e-13  -2.783329e-16  -4.529756e-16  -3.774820e-17  -7.632165e-17  -7.066050e-18  -5.882899e-18  -5.088040e-20  -5.209311e-20  -5.246553e-20  -4.817658e-20  -5.259710e-20  -4.578996e-20  -5.535066e-20  -5.420165e-20  -5.475426e-20  -5.396016e-20  -5.346126e-20  -4.442435e-20  -5.054044e-20  -5.278995e-20  -6.435966e-20  -6.085696e-20  -5.052695e-20  -4.366494e-20  -4.717311e-20  -4.719535e-20
  -6.472047e-20  -1.608714e-19  -3.362783e-19  -1.900245e-19  -4.278906e-16  -2.783329e-16  3.709574e-13  -7.323332e-14  -2.627505e-15  -1.046240e-14  -1.034386e-16  -6.660427e-17  -5.622706e-20  -7.797924e-20  -7.202060e-20  -4.909710e-20  -4.846036e-20  -4.916621e-20  -5.046441e-20  -5.094044e-20  -5.363142e-20  -4.831520e-20  -4.554212e-20  -4.247536e-20  -5.000750e-20  -4.669240e-20  -5.996732e-20  -5.575545e-20  -4.648586e-20  -3.998240e-20  -4.394136e-20  -4.398896e-20
  -8.096630e-20  -2.863602e-19  -6.447694e-19  -3.497844e-19  -7.010999e-16  -4.529756e-16  -7.323332e-14  3.721168e-13  -1.111911e-15  -2.854149e-15  -6.537155e-17  -4.568659e-17  -4.633812e-20  -5.021592e-20  -5.132156e-20  -4.669837e-20  -5.142046e-20  -4.666522e-20  -5.255622e-20  -5.300285e-20  -5.117012e-20  -4.924094e-20  -5.000831e-20  -4.294724e-20  -4.811754e-20  -4.913321e-20  -6.150852e-20  -5.778811e-20  -3.920398e-20  -4.395879e-20  -4.425933e-20  -4.511532e-20
  -6.141825e-20  -9.967124e-20  -1.646256e-19  -1.073980e-19  -4.230211e-17  -3.774820e-17  -2.627505e-15  -1.111911e-15  4.235481e-13  -8.932430e-14  -1.429374e-15  -7.538901e-16  -3.801485e-19  -2.918294e-19  -1.786540e-19  -1.058873e-19  -5.823495e-20  -5.453070e-20  -5.877365e-20  -5.919577e-20  -5.786458e-20  -5.539337e-20  -5.391538e-20  -5.009612e-20  -5.511830e-20  -5.456898e-20  -6.924675e-20  -6.455371e-20  -4.911160e-20  -4.849578e-20  -4.999141e-20  -5.090457e-20
  -7.601717e-20  -2.205754e-19  -4.577742e-19  -2.564376e-19  -1.039900e-16  -7.632165e-17  -1.046240e-14  -2.854149e-15  -8.932430e-14  4.246203e-13  -6.610271e-16  -3.768922e-16  -2.449223e-19  -1.966186e-19  -1.229442e-19  -8.128949e-20  -5.633848e-20  -5.283698e-20  -5.568091e-20  -5.774540e-20  -5.497973e-20  -5.748830e-20  -5.241750e-20  -4.927722e-20  -5.408118e-20  -5.307387e-20  -6.850703e-20  -6.255318e-20  -4.604790e-20  -4.846060e-20  -4.931378e-20  -4.983617e-20
  -7.003276e-20  -1.441102e-19  -2.529472e-19  -1.604355e-19  -6.366065e-18  -7.066050e-18  -1.034386e-16  -6.537155e-17  -1.429374e-15  -6.610271e-16  5.216978e-13  -1.156590e-13  -4.086136e-19  -7.907616e-19  -4.431046e-19  -2.121858e-19  -7.342099e-20  -6.699003e-20  -7.212129e-20  -7.556691e-20  -7.340394e-20  -6.959054e-20  -6.651674e-20  -6.194633e-20  -6.739920e-20  -6.768826e-20  -8.624036e-20  -7.931582e-20  -5.998613e-20  -5.979121e-20  -6.116158e-20  -6.467108e-20
  -5.558149e-20  -8.083452e-20  -9.454207e-20  -7.643936e-20  -5.252500e-18  -5.882899e-18  -6.660427e-17  -4.568659e-17  -7.538901e-16  -3.768922e-16  -1.156590e-13  5.202924e-13  -7.826934e-19  -1.229025e-18  -7.399413e-19  -3.742128e-19  -6.734678e-20  -6.141715e-20  -6.662404e-20  -6.950186e-20  -6.782673e-20  -6.555883e-20  -6.275167e-20  -5.783676e-20  -6.185564e-20  -6.393854e-20  -7.991833e-20  -7.564847e-20  -5.613251e-20  -5.607051e-20  -5.699686e-20  -5.771321e-20
  -4.965448e-20  -5.171039e-20  -6.085621e-20  -5.156052e-20  -6.056370e-20  -5.088040e-20  -5.622706e-20  -4.633812e-20  -3.801485e-19  -2.449223e-19  -4.086136e-19  -7.826934e-19  2.794054e-13  -1.044890e-18  -3.605707e-19  -2.930166e-19  -4.957354e-20  -4.543439e-20  -4.899314e-20  -5.002444e-20  -4.892578e-20  -4.776746e-20  -4.540246e-20  -4.204431e-20  -4.571232e-20  -4.609281e-20  -5.855391e-20  -5.460321e-20  -4.063406e-20  -4.087531e-20  -4.153076e-20  -4.316360e-20
  -5.082207e-20  -5.223821e-20  -6.323639e-20  -5.286533e-20  -6.311896e-20  -5.209311e-20  -7.797924e-20  -5.021592e-20  -2.918294e-19  -1.966186e-19  -7.907616e-19  -1.229025e-18  -1.044890e-18  2.829910e-13  -6.073473e-19  -4.088104e-19  -5.030545e-20  -4.610643e-20  -4.983324e-20  -5.066769e-20  -4.968160e-20  -4.864513e-20  -4.612796e-20  -4.287720e-20  -4.639396e-20  -4.678069e-20  -5.932115e-20  -5.560744e-20  -4.135921e-20  -4.152555e-20  -4.228639e-20  -4.359656e-20
  -5.473336e-20  -5.279309e-20  -6.056859e-20  -5.489278e-20  -5.950157e-20  -5.246553e-20  -7.202060e-20  -5.132156e-20  -1.786540e-19  -1.229442e-19  -4.431046e-19  -7.399413e-19  -3.605707e-19  -6.073473e-19  3.020427e-13  -3.346198e-19  -5.576349e-20  -4.943325e-20  -5.680490e-20  -5.408854e-20  -5.273658e-20  -5.285525e-20  -4.940628e-20  -4.580915e-20  -5.027193e-20  -4.957795e-20  -6.502683e-20  -5.874914e-20  -4.746551e-20  -4.220144e-20  -4.681600e-20  -5.140747e-20
  -5.271276e-20  -5.264525e-20  -5.784062e-20  -5.015831e-20  -5.324959e-20  -4.817658e-20  -4.909710e-20  -4.669837e-20  -1.058873e-19  -8.128949e-20  -2.121858e-19  -3.742128e-19  -2.930166e-19  -4.088104e-19  -3.346198e-19  2.922407e-13  -5.134642e-20  -4.791375e-20  -5.041453e-20  -5.270494e-20  -5.190691e-20  -4.950555e-20  -4.811714e-20  -4.507647e-20  -4.808995e-20  -4.843927e-20  -6.052163e-20  -5.800907e-20  -4.257044e-20  -4.398052e-20  -4.306822e-20  -4.412654e-20
  -3.243604e-20  -7.081504e-20  -5.991298e-20  -5.692469e-20  -5.850847e-20  -5.259710e-20  -4.846036e-20  -5.142046e-20  -5.823495e-20  -5.633848e-20  -7.342099e-20  -6.734678e-20  -4.957354e-20  -5.030545e-20  -5.576349e-20  -5.134642e-20  4.222964e-13  -7.914042e-14  -2.895033e-16  -5.371526e-17  -9.116262e-19  -4.759955e-19  -8.182321e-20  -7.041022e-20  -7.763194e-20  -6.698131e-20  -7.287354e-20  -5.827932e-20  -4.963728e-20  -5.194067e-20  -5.165690e-20  -5.436115e-20
  -6.326319e-20  -5.865864e-20  -5.774947e-20  -4.877495e-20  -4.940347e-20  -4.578996e-20  -4.916621e-20  -4.666522e-20  -5.453070e-20  -5.283698e-20  -6.699003e-20  -6.141715e-20  -4.543439e-20  -4.610643e-20  -4.943325e-20  -4.791375e-20  -7.914042e-14  4.377007e-13  -7.243260e-16  -2.461838e-16  -2.829806e-19  -2.044231e-19  -2.358594e-19  -1.538939e-19  -1.852438e-19  -1.193213e-19  -1.899786e-19  -7.305579e-20  -4.878852e-20  -4.394376e-20  -4.910856e-20  -5.128406e-20
  -5.447655e-20  -5.735768e-20  -7.068082e-20  -5.401869e-20  -5.841356e-20  -5.535066e-20  -5.046441e-20  -5.255622e-20  -5.877365e-20  -5.568091e-20  -7.212129e-20  -6.662404e-20  -4.899314e-20  -4.983324e-20  -5.680490e-20  -5.041453e-20  -2.895033e-16  -7.243260e-16  4.452924e-13  -9.096823e-14  -4.834258e-16  -2.512071e-16  -6.426358e-18  -1.547698e-17  -2.971373e-18  -1.585750e-19  -2.400894e-19  -1.709509e-18  -6.747271e-20  -4.390071e-20  -5.100833e-20  -5.739404e-20
