B_LMATS  180
B_FREQ 0.000000e+00
  1.981022e-09  7.676217e-10  5.293795e-11  5.996698e-11  1.106850e-11  1.461815e-11  2.163230e-12  1.924925e-12  1.665318e-12  1.735106e-12  1.135079e-12  1.103225e-12  1.295850e-12  1.288122e-12  1.288312e-12  1.311040e-12  9.018605e-13  1.230359e-12  1.283245e-12  1.290798e-12  1.333871e-12  1.312381e-12  1.343746e-12  1.349320e-12  1.322546e-12  1.331794e-12  1.301324e-12  1.222726e-12  1.321166e-12  1.313746e-12  1.302480e-12  1.321858e-12
  7.676217e-10  2.324037e-09  1.194047e-10  8.721811e-11  2.000020e-11  2.442867e-11  3.514855e-12  3.464544e-12  2.252698e-12  2.474829e-12  1.494372e-12  1.460308e-12  1.265804e-12  1.234566e-12  1.184861e-12  1.259088e-12  1.343145e-12  1.178727e-12  1.300456e-12  1.284927e-12  1.305895e-12  1.305246e-12  1.312553e-12  1.299538e-12  1.288322e-12  1.307015e-12  1.301516e-12  1.246551e-12  1.284831e-12  1.270807e-12  1.253162e-12  1.227925e-12
  5.293795e-11  1.194047e-10  2.669262e-09  1.150344e-09  2.075663e-10  2.961856e-10  2.500442e-11  2.800944e-11  8.731310e-12  1.165927e-11  4.144079e-12  3.083158e-12  1.564400e-12  1.445599e-12  1.299630e-12  1.365141e-12  1.305579e-12  1.256897e-12  1.388910e-12  1.365450e-12  1.399645e-12  1.419703e-12  1.428262e-12  1.417318e-12  1.407821e-12  1.404937e-12  1.386869e-12  1.318369e-12  1.373044e-12  1.356281e-12  1.324562e-12  1.295899e-12
  5.996698e-11  8.721811e-11  1.150344e-09  2.599781e-09  1.482317e-10  2.087091e-10  1.738250e-11  1.990259e-11  6.113425e-12  7.784319e-12  3.079785e-12  2.406833e-12  1.465441e-12  1.392324e-12  1.329047e-12  1.324837e-12  1.316153e-12  1.237946e-12  1.381361e-12  1.342167e-12  1.378748e-12  1.396653e-12  1.413890e-12  1.411284e-12  1.400657e-12  1.402286e-12  1.366399e-12  1.289821e-12  1.365604e-12  1.343055e-12  1.323583e-12  1.307250e-12
  1.106850e-11  2.000020e-11  2.075663e-10  1.482317e-10  2.395771e-09  1.134059e-09  1.918281e-10  2.522047e-10  4.037473e-11  5.735041e-11  1.988938e-11  1.176220e-11  3.166072e-12  2.761940e-12  1.935573e-12  1.656837e-12  1.332996e-12  1.246986e-12  1.375438e-12  1.362460e-12  1.388730e-12  1.397026e-12  1.415935e-12  1.414592e-12  1.406316e-12  1.411538e-12  1.370706e-12  1.301923e-12  1.365203e-12  1.346752e-12  1.329623e-12  1.289874e-12
  1.461815e-11  2.442867e-11  2.961856e-10  2.087091e-10  1.134059e-09  2.528980e-09  1.485139e-10  1.857034e-10  3.530171e-11  4.927638e-11  1.636457e-11  1.012788e-11  2.798973e-12  2.364887e-12  1.730839e-12  1.571387e-12  1.310812e-12  1.245206e-12  1.387226e-12  1.357152e-12  1.391538e-12  1.416572e-12  1.431410e-12  1.428813e-12  1.423987e-12  1.410890e-12  1.385359e-12  1.314640e-12  1.374187e-12  1.357666e-12  1.333218e-12  1.310008e-12
  2.163230e-12  3.514855e-12  2.500442e-11  1.738250e-11  1.918281e-10  1.485139e-10  2.178384e-09  9.384717e-10  2.234171e-10  3.289782e-10  6.348643e-11  3.921113e-11  7.512473e-12  5.295834e-12  2.794963e-12  2.284376e-12  1.330960e-12  1.241838e-12  1.379556e-12  1.354829e-12  1.391310e-12  1.414854e-12  1.421537e-12  1.412881e-12  1.405818e-12  1.404421e-12  1.375426e-12  1.293409e-12  1.371141e-12  1.347617e-12  1.329532e-12  1.310540e-12
  1.924925e-12  3.464544e-12  2.800944e-11  1.990259e-11  2.522047e-10  1.857034e-10  9.384717e-10  2.164896e-09  1.773451e-10  2.299592e-10  4.674533e-11  3.051631e-11  5.701259e-12  3.863181e-12  2.136083e-12  1.969145e-12  1.333943e-12  1.242276e-12  1.379170e-12  1.359291e-12  1.390577e-12  1.404794e-12  1.416536e-12  1.410304e-12  1.401191e-12  1.405399e-12  1.369064e-12  1.292862e-12  1.367117e-12  1.345620e-12  1.326525e-12  1.302538e-12
  1.665318e-12  2.252698e-12  8.731310e-12  6.113425e-12  4.037473e-11  3.530171e-11  2.234171e-10  1.773451e-10  2.509133e-09  1.066487e-09  3.435576e-10  1.890534e-10  5.672686e-11  3.524916e-11  1.406647e-11  9.189586e-12  1.321610e-12  1.235534e-12  1.362926e-12  1.346788e-12  1.382160e-12  1.401050e-12  1.411466e-12  1.406254e-12  1.401070e-12  1.394538e-12  1.370087e-12  1.288090e-12  1.367178e-12  1.346065e-12  1.332026e-12  1.314624e-12
  1.735106e-12  2.474829e-12  1.165927e-11  7.784319e-12  5.735041e-11  4.927638e-11  3.289782e-10  2.299592e-10  1.066487e-09  2.476751e-09  2.399101e-10  1.387258e-10  4.086863e-11  2.433345e-11  9.213995e-12  6.733690e-12  1.310994e-12  1.240929e-12  1.363221e-12  1.348432e-12  1.381575e-12  1.403989e-12  1.414946e-12  1.411411e-12  1.411557e-12  1.398745e-12  1.379437e-12  1.286165e-12  1.371980e-12  1.345003e-12  1.333398e-12  1.315547e-12
  1.135079e-12  1.494372e-12  4.144079e-12  3.079785e-12  1.988938e-11  1.636457e-11  6.348643e-11  4.674533e-11  3.435576e-10  2.399101e-10  2.770435e-09  9.829688e-10  6.914494e-11  8.557912e-11  3.653160e-11  1.958950e-11  1.319223e-12  1.216469e-12  1.338884e-12  1.336551e-12  1.363064e-12  1.359860e-12  1.373211e-12  1.369433e-12  1.364471e-12  1.361927e-12  1.344586e-12  1.266117e-12  1.349949e-12  1.335000e-12  1.328935e-12  1.337394e-12
  1.103225e-12  1.460308e-12  3.083158e-12  2.406833e-12  1.176220e-11  1.012788e-11  3.921113e-11  3.051631e-11  1.890534e-10  1.387258e-10  9.829688e-10  2.415634e-09  7.016894e-11  9.696070e-11  4.555668e-11  2.351833e-11  1.246088e-12  1.150687e-12  1.266983e-12  1.256282e-12  1.290275e-12  1.298848e-12  1.311946e-12  1.300741e-12  1.287658e-12  1.293969e-12  1.278817e-12  1.220399e-12  1.288419e-12  1.282489e-12  1.273260e-12  1.250545e-12
  1.295850e-12  1.265804e-12  1.564400e-12  1.465441e-12  3.166072e-12  2.798973e-12  7.512473e-12  5.701259e-12  5.672686e-11  4.086863e-11  6.914494e-11  7.016894e-11  2.313211e-09  1.300187e-10  3.798360e-11  3.233358e-11  1.301775e-12  1.183691e-12  1.286589e-12  1.276756e-12  1.297335e-12  1.313946e-12  1.324770e-12  1.321396e-12  1.321232e-12  1.330064e-12  1.320059e-12  1.255282e-12  1.326493e-12  1.325169e-12  1.324956e-12  1.316015e-12
  1.288122e-12  1.234566e-12  1.445599e-12  1.392324e-12  2.761940e-12  2.364887e-12  5.295834e-12  3.863181e-12  3.524916e-11  2.433345e-11  8.557912e-11  9.696070e-11  1.300187e-10  2.363724e-09  6.488466e-11  4.513561e-11  1.298897e-12  1.179705e-12  1.281676e-12  1.266977e-12  1.289718e-12  1.306959e-12  1.319135e-12  1.315728e-12  1.314673e-12  1.323683e-12  1.313562e-12  1.255385e-12  1.322739e-12  1.326065e-12  1.328739e-12  1.309628e-12
  1.288312e-12  1.184861e-12  1.299630e-12  1.329047e-12  1.935573e-12  1.730839e-12  2.794963e-12  2.136083e-12  1.406647e-11  9.213995e-12  3.653160e-11  4.555668e-11  3.798360e-11  6.488466e-11  2.599363e-09  3.331498e-11  1.336320e-12  1.184930e-12  1.297207e-12  1.251491e-12  1.270079e-12  1.299120e-12  1.306237e-12  1.301977e-12  1.311402e-12  1.304228e-12  1.330195e-12  1.245102e-12  1.321415e-12  1.315260e-12  1.390879e-12  1.447985e-12
  1.311040e-12  1.259088e-12  1.365141e-12  1.324837e-12  1.656837e-12  1.571387e-12  2.284376e-12  1.969145e-12  9.189586e-12  6.733690e-12  1.958950e-11  2.351833e-11  3.233358e-11  4.513561e-11  3.331498e-11  2.462199e-09  1.277819e-12  1.171701e-12  1.263057e-12  1.256033e-12  1.277812e-12  1.294215e-12  1.306772e-12  1.305012e-12  1.304731e-12  1.317799e-12  1.293341e-12  1.256941e-12  1.315045e-12  1.328734e-12  1.297965e-12  1.280769e-12
  9.018605e-13  1.343145e-12  1.305579e-12  1.316153e-12  1.332996e-12  1.310812e-12  1.330960e-12  1.333943e-12  1.321610e-12  1.310994e-12  1.319223e-12  1.246088e-12  1.301775e-12  1.298897e-12  1.336320e-12  1.277819e-12  2.029051e-09  7.967658e-10  5.631569e-11  5.282771e-11  9.364406e-12  7.063221e-12  2.346549e-12  2.099943e-12  1.451557e-12  1.382692e-12  1.107738e-12  1.079641e-12  1.332531e-12  1.325784e-12  1.320365e-12  1.312707e-12
  1.230359e-12  1.178727e-12  1.256897e-12  1.237946e-12  1.246986e-12  1.245206e-12  1.241838e-12  1.242276e-12  1.235534e-12  1.240929e-12  1.216469e-12  1.150687e-12  1.183691e-12  1.179705e-12  1.184930e-12  1.171701e-12  7.967658e-10  2.291913e-09  1.066787e-10  1.143457e-10  1.963503e-11  1.427249e-11  4.193132e-12  3.440096e-12  1.583945e-12  1.466180e-12  1.315141e-12  1.181991e-12  1.255014e-12  1.232332e-12  1.204416e-12  1.188971e-12
  1.283245e-12  1.300456e-12  1.388910e-12  1.381361e-12  1.375438e-12  1.387226e-12  1.379556e-12  1.379170e-12  1.362926e-12  1.363221e-12  1.338884e-12  1.266983e-12  1.286589e-12  1.281676e-12  1.297207e-12  1.263057e-12  5.631569e-11  1.066787e-10  2.376644e-09  9.699742e-10  1.414903e-10  1.022859e-10  2.892606e-11  2.254463e-11  4.511636e-12  2.245556e-12  1.818338e-12  1.433281e-12  1.761618e-12  1.673544e-12  1.379372e-12  1.551788e-12
  1.290798e-12  1.284927e-12  1.365450e-12  1.342167e-12  1.362460e-12  1.357152e-12  1.354829e-12  1.359291e-12  1.346788e-12  1.348432e-12  1.336551e-12  1.256282e-12  1.276756e-12  1.266977e-12  1.251491e-12  1.256033e-12  5.282771e-11  1.143457e-10  9.699742e-10  2.366769e-09  2.129175e-10  1.471170e-10  4.338731e-11  3.271148e-11  5.743641e-12  2.851214e-12  2.178555e-12  1.399206e-12  1.884150e-12  1.801342e-12  1.367358e-12  1.671777e-12
  1.333871e-12  1.305895e-12  1.399645e-12  1.378748e-12  1.388730e-12  1.391538e-12  1.391310e-12  1.390577e-12  1.382160e-12  1.381575e-12  1.363064e-12  1.290275e-12  1.297335e-12  1.289718e-12  1.270079e-12  1.277812e-12  9.364406e-12  1.963503e-11  1.414903e-10  2.129175e-10  2.447544e-09  1.047327e-09  1.810838e-10  1.329373e-10  1.143959e-11  6.977894e-12  4.248350e-12  1.777821e-12  2.661516e-12  2.334261e-12  1.533445e-12  2.009685e-12
  1.312381e-12  1.305246e-12  1.419703e-12  1.396653e-12  1.397026e-12  1.416572e-12  1.414854e-12  1.404794e-12  1.401050e-12  1.403989e-12  1.359860e-12  1.298848e-12  1.313946e-12  1.306959e-12  1.299120e-12  1.294215e-12  7.063221e-12  1.427249e-11  1.022859e-10  1.471170e-10  1.047327e-09  2.416387e-09  2.469434e-10  1.797569e-10  1.576244e-11  5.690778e-12  4.765933e-12  2.591392e-12  3.242293e-12  2.885597e-12  1.669913e-12  2.494591e-12
  1.343746e-12  1.312553e-12  1.428262e-12  1.413890e-12  1.415935e-12  1.431410e-12  1.421537e-12  1.416536e-12  1.411466e-12  1.414946e-12  1.373211e-12  1.311946e-12  1.324770e-12  1.319135e-12  1.306237e-12  1.306772e-12  2.346549e-12  4.193132e-12  2.892606e-11  4.338731e-11  1.810838e-10  2.469434e-10  2.082177e-09  8.694551e-10  1.147105e-10  9.012894e-11  1.811104e-11  1.102156e-11  4.521126e-12  3.041476e-12  1.846920e-12  1.864956e-12
  1.349320e-12  1.299538e-12  1.417318e-12  1.411284e-12  1.414592e-12  1.428813e-12  1.412881e-12  1.410304e-12  1.406254e-12  1.411411e-12  1.369433e-12  1.300741e-12  1.321396e-12  1.315728e-12  1.301977e-12  1.305012e-12  2.099943e-12  3.440096e-12  2.254463e-11  3.271148e-11  1.329373e-10  1.797569e-10  8.694551e-10  2.131117e-09  1.821387e-10  1.270031e-10  2.778010e-11  1.736646e-11  7.305278e-12  5.027811e-12  2.292085e-12  3.135409e-12
  1.322546e-12  1.288322e-12  1.407821e-12  1.400657e-12  1.406316e-12  1.423987e-12  1.405818e-12  1.401191e-12  1.401070e-12  1.411557e-12  1.364471e-12  1.287658e-12  1.321232e-12  1.314673e-12  1.311402e-12  1.304731e-12  1.451557e-12  1.583945e-12  4.511636e-12  5.743641e-12  1.143959e-11  1.576244e-11  1.147105e-10  1.821387e-10  2.453167e-09  1.199081e-09  3.205310e-10  1.927301e-10  5.860979e-11  3.409022e-11  1.017601e-11  1.118648e-11
  1.331794e-12  1.307015e-12  1.404937e-12  1.402286e-12  1.411538e-12  1.410890e-12  1.404421e-12  1.405399e-12  1.394538e-12  1.398745e-12  1.361927e-12  1.293969e-12  1.330064e-12  1.323683e-12  1.304228e-12  1.317799e-12  1.382692e-12  1.466180e-12  2.245556e-12  2.851214e-12  6.977894e-12  5.690778e-12  9.012894e-11  1.270031e-10  1.199081e-09  2.515282e-09  4.324980e-10  2.420014e-10  7.370737e-11  4.457848e-11  1.259845e-11  1.530079e-11
  1.301324e-12  1.301516e-12  1.386869e-12  1.366399e-12  1.370706e-12  1.385359e-12  1.375426e-12  1.369064e-12  1.370087e-12  1.379437e-12  1.344586e-12  1.278817e-12  1.320059e-12  1.313562e-12  1.330195e-12  1.293341e-12  1.107738e-12  1.315141e-12  1.818338e-12  2.178555e-12  4.248350e-12  4.765933e-12  1.811104e-11  2.778010e-11  3.205310e-10  4.324980e-10  2.832660e-09  1.038020e-09  7.630553e-11  8.920242e-11  2.540420e-11  3.704283e-11
  1.222726e-12  1.246551e-12  1.318369e-12  1.289821e-12  1.301923e-12  1.314640e-12  1.293409e-12  1.292862e-12  1.288090e-12  1.286165e-12  1.266117e-12  1.220399e-12  1.255282e-12  1.255385e-12  1.245102e-12  1.256941e-12  1.079641e-12  1.181991e-12  1.433281e-12  1.399206e-12  1.777821e-12  2.591392e-12  1.102156e-11  1.736646e-11  1.927301e-10  2.420014e-10  1.038020e-09  2.477251e-09  7.072506e-11  9.568196e-11  3.189232e-11  4.734248e-11
  1.321166e-12  1.284831e-12  1.373044e-12  1.365604e-12  1.365203e-12  1.374187e-12  1.371141e-12  1.367117e-12  1.367178e-12  1.371980e-12  1.349949e-12  1.288419e-12  1.326493e-12  1.322739e-12  1.321415e-12  1.315045e-12  1.332531e-12  1.255014e-12  1.761618e-12  1.884150e-12  2.661516e-12  3.242293e-12  4.521126e-12  7.305278e-12  5.860979e-11  7.370737e-11  7.630553e-11  7.072506e-11  2.436492e-09  1.560994e-10  4.559255e-11  4.815926e-11
  1.313746e-12  1.270807e-12  1.356281e-12  1.343055e-12  1.346752e-12  1.357666e-12  1.347617e-12  1.345620e-12  1.346065e-12  1.345003e-12  1.335000e-12  1.282489e-12  1.325169e-12  1.326065e-12  1.315260e-12  1.328734e-12  1.325784e-12  1.232332e-12  1.673544e-12  1.801342e-12  2.334261e-12  2.885597e-12  3.041476e-12  5.027811e-12  3.409022e-11  4.457848e-11  8.920242e-11  9.568196e-11  1.560994e-10  2.353623e-09  5.603144e-11  7.282893e-11
  1.302480e-12  1.253162e-12  1.324562e-12  1.323583e-12  1.329623e-12  1.333218e-12  1.329532e-12  1.326525e-12  1.332026e-12  1.333398e-12  1.328935e-12  1.273260e-12  1.324956e-12  1.328739e-12  1.390879e-12  1.297965e-12  1.320365e-12  1.204416e-12  1.379372e-12  1.367358e-12  1.533445e-12  1.669913e-12  1.846920e-12  2.292085e-12  1.017601e-11  1.259845e-11  2.540420e-11  3.189232e-11  4.559255e-11  5.603144e-11  2.404374e-09  3.949509e-11
  1.321858e-12  1.227925e-12  1.295899e-12  1.307250e-12  1.289874e-12  1.310008e-12  1.310540e-12  1.302538e-12  1.314624e-12  1.315547e-12  1.337394e-12  1.250545e-12  1.316015e-12  1.309628e-12  1.447985e-12  1.280769e-12  1.312707e-12  1.188971e-12  1.551788e-12  1.671777e-12  2.009685e-12  2.494591e-12  1.864956e-12  3.135409e-12  1.118648e-11  1.530079e-11  3.704283e-11  4.734248e-11  4.815926e-11  7.282893e-11  3.949509e-11  2.595351e-09
E_FREQ

B_FREQ 1.000000e+00
  2.049885e-06  4.961515e-07  2.018157e-08  2.636387e-08  3.841678e-09  4.657472e-09  2.432287e-09  2.571361e-09  2.360015e-09  2.557195e-09  2.474482e-09  2.208210e-09  2.142703e-09  2.069704e-09  1.961032e-09  2.015485e-09  8.744868e-10  2.229683e-09  2.442370e-09  2.434178e-09  2.630012e-09  2.439289e-09  2.546785e-09  2.666149e-09  2.411796e-09  2.373856e-09  2.376458e-09  2.252255e-09  2.371928e-09  2.220433e-09  2.069044e-09  2.335926e-09
  4.961515e-07  2.161390e-06  4.023177e-08  3.287204e-08  4.850927e-09  6.712551e-09  2.720676e-09  2.932589e-09  2.461115e-09  3.241459e-09  1.388375e-09  1.647248e-09  1.739913e-09  1.398600e-09  1.406035e-09  1.561970e-09  2.360837e-09  1.992282e-09  2.403940e-09  2.257527e-09  2.235731e-09  2.392188e-09  2.352399e-09  2.302675e-09  2.234442e-09  2.275362e-09  2.101480e-09  1.793494e-09  2.127872e-09  1.885514e-09  1.685393e-09  1.662650e-09
  2.018157e-08  4.023177e-08  2.251325e-06  5.198600e-07  3.831279e-08  5.683253e-08  5.683358e-10  2.254622e-09  2.660284e-09  3.214412e-09  1.899810e-09  2.140762e-09  1.918610e-09  1.771885e-09  1.661532e-09  1.782339e-09  2.373717e-09  2.469890e-09  2.896304e-09  2.713440e-09  2.790552e-09  2.901638e-09  2.922039e-09  2.908156e-09  2.831320e-09  2.810138e-09  2.525826e-09  2.171202e-09  2.495409e-09  2.239329e-09  1.955163e-09  1.894052e-09
  2.636387e-08  3.287204e-08  5.198600e-07  2.089568e-06  1.918194e-08  3.752989e-08  1.433799e-10  9.282648e-10  2.363940e-09  2.522803e-09  1.981258e-09  1.974679e-09  2.040532e-09  1.924368e-09  1.810752e-09  1.830687e-09  2.271868e-09  2.352509e-09  2.890303e-09  2.927119e-09  3.032943e-09  2.962993e-09  2.970749e-09  2.968287e-09  2.858954e-09  2.817935e-09  2.502151e-09  2.225302e-09  2.494798e-09  2.234670e-09  2.013593e-09  1.916640e-09
  3.841678e-09  4.850927e-09  3.831279e-08  1.918194e-08  1.828471e-06  3.770003e-07  1.454503e-08  2.345712e-08  8.514204e-09  1.438864e-08  7.227200e-09  6.521204e-09  2.154341e-09  2.031518e-09  2.105724e-09  1.944719e-09  1.976700e-09  2.348951e-09  2.848100e-09  2.870901e-09  3.015427e-09  3.163721e-09  3.054969e-09  3.010169e-09  2.940992e-09  2.841078e-09  2.539485e-09  2.218380e-09  2.537560e-09  2.281980e-09  2.032580e-09  2.077498e-09
  4.657472e-09  6.712551e-09  5.683253e-08  3.752989e-08  3.770003e-07  1.815562e-06  2.704646e-09  1.042216e-08  5.191739e-09  9.261408e-09  5.486058e-09  5.498612e-09  1.968620e-09  1.918469e-09  1.924612e-09  1.839652e-09  2.393591e-09  2.428516e-09  2.900509e-09  2.813130e-09  2.899915e-09  2.936705e-09  2.970464e-09  2.980173e-09  2.920833e-09  2.853444e-09  2.545149e-09  2.216015e-09  2.510980e-09  2.264075e-09  2.053663e-09  1.965882e-09
  2.432287e-09  2.720676e-09  5.683358e-10  1.433799e-10  1.454503e-08  2.704646e-09  1.631732e-06  3.135788e-07  4.270208e-08  8.523819e-08  2.233235e-08  1.944438e-08  2.000080e-09  1.870113e-09  2.127209e-09  2.046084e-09  2.072992e-09  2.354012e-09  2.815538e-09  2.844297e-09  2.943813e-09  2.952876e-09  2.935955e-09  2.928987e-09  2.840841e-09  2.800462e-09  2.533984e-09  2.213076e-09  2.502727e-09  2.245015e-09  2.106415e-09  1.936900e-09
  2.571361e-09  2.932589e-09  2.254622e-09  9.282648e-10  2.345712e-08  1.042216e-08  3.135788e-07  1.636509e-06  2.212481e-08  4.576148e-08  1.532996e-08  1.335748e-08  1.361518e-09  1.511792e-09  1.911960e-09  1.855577e-09  2.016103e-09  2.318145e-09  2.838273e-09  2.841537e-09  2.948066e-09  3.030077e-09  2.955912e-09  2.934650e-09  2.847731e-09  2.809487e-09  2.495465e-09  2.171673e-09  2.506606e-09  2.244787e-09  2.038830e-09  2.035202e-09
  2.360015e-09  2.461115e-09  2.660284e-09  2.363940e-09  8.514204e-09  5.191739e-09  4.270208e-08  2.212481e-08  2.004626e-06  4.090527e-07  7.735785e-08  8.281727e-08  3.029996e-09  2.707085e-09  4.087298e-09  4.217732e-09  2.058718e-09  2.261056e-09  2.667975e-09  2.764103e-09  2.861062e-09  2.832912e-09  2.837775e-09  2.855495e-09  2.796585e-09  2.700941e-09  2.496554e-09  2.164976e-09  2.431692e-09  2.193064e-09  2.071648e-09  1.885166e-09
  2.557195e-09  3.241459e-09  3.214412e-09  2.522803e-09  1.438864e-08  9.261408e-09  8.523819e-08  4.576148e-08  4.090527e-07  1.990171e-06  7.050430e-08  5.484717e-08  1.249663e-10  6.232653e-10  2.381430e-09  2.905862e-09  2.023736e-09  2.322342e-09  2.697316e-09  2.736767e-09  2.810637e-09  2.806040e-09  2.875082e-09  2.901434e-09  2.894223e-09  2.753807e-09  2.513177e-09  2.090174e-09  2.468686e-09  2.154186e-09  2.232789e-09  1.858149e-09
  2.474482e-09  1.388375e-09  1.899810e-09  1.981258e-09  7.227200e-09  5.486058e-09  2.233235e-08  1.532996e-08  7.735785e-08  7.050430e-08  2.748004e-06  7.409097e-07  7.270578e-09  1.047853e-08  9.783002e-09  8.696887e-09  1.703052e-09  1.969239e-09  2.349228e-09  2.300713e-09  2.349443e-09  2.454706e-09  2.417730e-09  2.465505e-09  2.451262e-09  2.382960e-09  2.193373e-09  1.946795e-09  2.213741e-09  2.063101e-09  1.947011e-09  2.044389e-09
  2.208210e-09  1.647248e-09  2.140762e-09  1.974679e-09  6.521204e-09  5.498612e-09  1.944438e-08  1.335748e-08  8.281727e-08  5.484717e-08  7.409097e-07  2.770599e-06  4.433773e-10  6.289194e-09  9.303248e-09  8.877443e-09  1.631470e-09  1.742455e-09  2.071550e-09  2.172281e-09  2.181183e-09  2.319050e-09  2.220502e-09  2.213928e-09  2.181306e-09  2.116700e-09  1.979729e-09  1.887146e-09  2.002051e-09  1.964277e-09  1.964567e-09  1.841983e-09
  2.142703e-09  1.739913e-09  1.918610e-09  2.040532e-09  2.154341e-09  1.968620e-09  2.000080e-09  1.361518e-09  3.029996e-09  1.249663e-10  7.270578e-09  4.433773e-10  1.254584e-06  4.387175e-08  1.788522e-08  1.997190e-08  1.758613e-09  1.841464e-09  2.029702e-09  2.083545e-09  2.143725e-09  2.144669e-09  2.111377e-09  2.115566e-09  2.087403e-09  2.083062e-09  2.077005e-09  1.901858e-09  2.081066e-09  2.015614e-09  1.952466e-09  1.963174e-09
  2.069704e-09  1.398600e-09  1.771885e-09  1.924368e-09  2.031518e-09  1.918469e-09  1.870113e-09  1.511792e-09  2.707085e-09  6.232653e-10  1.047853e-08  6.289194e-09  4.387175e-08  1.280483e-06  2.694339e-08  2.692381e-08  1.685978e-09  1.764473e-09  1.906405e-09  1.986340e-09  2.045552e-09  2.057539e-09  2.042823e-09  2.039374e-09  1.997474e-09  1.976758e-09  1.998052e-09  1.940320e-09  2.001945e-09  2.041683e-09  2.024167e-09  1.892548e-09
  1.961032e-09  1.406035e-09  1.661532e-09  1.810752e-09  2.105724e-09  1.924612e-09  2.127209e-09  1.911960e-09  4.087298e-09  2.381430e-09  9.783002e-09  9.303248e-09  1.788522e-08  2.694339e-08  1.441581e-06  2.132898e-08  1.838015e-09  1.714077e-09  1.803824e-09  1.840148e-09  1.913956e-09  2.030124e-09  1.897822e-09  1.813098e-09  1.753755e-09  1.772339e-09  1.886686e-09  1.683417e-09  1.983623e-09  1.873966e-09  2.280087e-09  2.716270e-09
  2.015485e-09  1.561970e-09  1.782339e-09  1.830687e-09  1.944719e-09  1.839652e-09  2.046084e-09  1.855577e-09  4.217732e-09  2.905862e-09  8.696887e-09  8.877443e-09  1.997190e-08  2.692381e-08  2.132898e-08  1.366701e-06  1.504146e-09  1.650574e-09  1.681451e-09  1.821939e-09  1.876811e-09  1.857147e-09  1.824274e-09  1.866784e-09  1.904604e-09  1.973268e-09  1.883156e-09  2.007513e-09  1.897465e-09  2.131670e-09  1.636574e-09  1.613474e-09
  8.744868e-10  2.360837e-09  2.373717e-09  2.271868e-09  1.976700e-09  2.393591e-09  2.072992e-09  2.016103e-09  2.058718e-09  2.023736e-09  1.703052e-09  1.631470e-09  1.758613e-09  1.685978e-09  1.838015e-09  1.504146e-09  1.954505e-06  4.706818e-07  2.295564e-08  1.936209e-08  2.455799e-09  1.954787e-09  1.816707e-09  1.849712e-09  2.002099e-09  1.916599e-09  1.914790e-09  1.639949e-09  2.047427e-09  1.904529e-09  1.880705e-09  1.730878e-09
  2.229683e-09  1.992282e-09  2.469890e-09  2.352509e-09  2.348951e-09  2.428516e-09  2.354012e-09  2.318145e-09  2.261056e-09  2.322342e-09  1.969239e-09  1.742455e-09  1.841464e-09  1.764473e-09  1.714077e-09  1.650574e-09  4.706818e-07  2.090589e-06  3.957169e-08  3.669359e-08  3.059262e-09  1.841156e-09  1.813950e-09  1.679765e-09  2.299527e-09  2.273471e-09  2.175594e-09  1.978972e-09  2.097661e-09  1.905531e-09  1.741726e-09  1.824936e-09
  2.442370e-09  2.403940e-09  2.896304e-09  2.890303e-09  2.848100e-09  2.900509e-09  2.815538e-09  2.838273e-09  2.667975e-09  2.697316e-09  2.349228e-09  2.071550e-09  2.029702e-09  1.906405e-09  1.803824e-09  1.681451e-09  2.295564e-08  3.957169e-08  2.131793e-06  5.196949e-07  2.033356e-08  8.608050e-09  2.106272e-09  1.849209e-10  2.339798e-09  1.523681e-09  1.865432e-09  7.461917e-10  2.594599e-09  2.306427e-09  1.949130e-09  2.010574e-09
  2.434178e-09  2.257527e-09  2.713440e-09  2.927119e-09  2.870901e-09  2.813130e-09  2.844297e-09  2.841537e-09  2.764103e-09  2.736767e-09  2.300713e-09  2.172281e-09  2.083545e-09  1.986340e-09  1.840148e-09  1.821939e-09  1.936209e-08  3.669359e-08  5.196949e-07  2.237163e-06  2.764303e-08  1.437936e-08  1.446749e-09  6.005472e-10  2.941326e-09  2.805124e-09  2.956002e-09  2.409261e-09  2.255669e-09  2.209188e-09  2.109373e-09  2.087451e-09
  2.630012e-09  2.235731e-09  2.790552e-09  3.032943e-09  3.015427e-09  2.899915e-09  2.943813e-09  2.948066e-09  2.861062e-09  2.810637e-09  2.349443e-09  2.181183e-09  2.143725e-09  2.045552e-09  1.913956e-09  1.876811e-09  2.455799e-09  3.059262e-09  2.033356e-08  2.764303e-08  2.034192e-06  4.437696e-07  2.419815e-08  1.186358e-08  4.452337e-09  3.291390e-09  3.282972e-09  2.393289e-09  2.468140e-09  2.443645e-09  2.254972e-09  2.100275e-09
  2.439289e-09  2.392188e-09  2.901638e-09  2.962993e-09  3.163721e-09  2.936705e-09  2.952876e-09  3.030077e-09  2.832912e-09  2.806040e-09  2.454706e-09  2.319050e-09  2.144669e-09  2.057539e-09  2.030124e-09  1.857147e-09  1.954787e-09  1.841156e-09  8.608050e-09  1.437936e-08  4.437696e-07  2.012075e-06  3.350560e-08  2.353388e-08  6.431056e-09  4.385792e-09  3.653586e-09  2.013113e-09  2.534011e-09  2.599900e-09  2.345417e-09  2.274850e-09
  2.546785e-09  2.352399e-09  2.922039e-09  2.970749e-09  3.054969e-09  2.970464e-09  2.935955e-09  2.955912e-09  2.837775e-09  2.875082e-09  2.417730e-09  2.220502e-09  2.111377e-09  2.042823e-09  1.897822e-09  1.824274e-09  1.816707e-09  1.813950e-09  2.106272e-09  1.446749e-09  2.419815e-08  3.350560e-08  1.736936e-06  3.608106e-07  3.171690e-08  1.606354e-08  5.786337e-09  4.591085e-09  1.798385e-09  1.821307e-09  1.992255e-09  1.709496e-09
  2.666149e-09  2.302675e-09  2.908156e-09  2.968287e-09  3.010169e-09  2.980173e-09  2.928987e-09  2.934650e-09  2.855495e-09  2.901434e-09  2.465505e-09  2.213928e-09  2.115566e-09  2.039374e-09  1.813098e-09  1.866784e-09  1.849712e-09  1.679765e-09  1.849209e-10  6.005472e-10  1.186358e-08  2.353388e-08  3.608106e-07  1.668113e-06  5.063566e-08  2.482319e-08  7.499336e-09  5.763863e-09  1.252700e-09  1.884326e-09  2.077921e-09  2.108626e-09
  2.411796e-09  2.234442e-09  2.831320e-09  2.858954e-09  2.940992e-09  2.920833e-09  2.840841e-09  2.847731e-09  2.796585e-09  2.894223e-09  2.451262e-09  2.181306e-09  2.087403e-09  1.997474e-09  1.753755e-09  1.904604e-09  2.002099e-09  2.299527e-09  2.339798e-09  2.941326e-09  4.452337e-09  6.431056e-09  3.171690e-08  5.063566e-08  1.945939e-06  4.107770e-07  9.500563e-08  6.986051e-08  1.491291e-09  1.441134e-09  2.525752e-09  1.300622e-09
  2.373856e-09  2.275362e-09  2.810138e-09  2.817935e-09  2.841078e-09  2.853444e-09  2.800462e-09  2.809487e-09  2.700941e-09  2.753807e-09  2.382960e-09  2.116700e-09  2.083062e-09  1.976758e-09  1.772339e-09  1.973268e-09  1.916599e-09  2.273471e-09  1.523681e-09  2.805124e-09  3.291390e-09  4.385792e-09  1.606354e-08  2.482319e-08  4.107770e-07  1.993798e-06  1.247709e-07  1.120447e-07  8.719949e-09  4.142245e-09  4.654036e-09  3.825394e-09
  2.376458e-09  2.101480e-09  2.525826e-09  2.502151e-09  2.539485e-09  2.545149e-09  2.533984e-09  2.495465e-09  2.496554e-09  2.513177e-09  2.193373e-09  1.979729e-09  2.077005e-09  1.998052e-09  1.886686e-09  1.883156e-09  1.914790e-09  2.175594e-09  1.865432e-09  2.956002e-09  3.282972e-09  3.653586e-09  5.786337e-09  7.499336e-09  9.500563e-08  1.247709e-07  2.740285e-06  7.415237e-07  6.608932e-09  8.094268e-09  8.267620e-09  8.211080e-09
  2.252255e-09  1.793494e-09  2.171202e-09  2.225302e-09  2.218380e-09  2.216015e-09  2.213076e-09  2.171673e-09  2.164976e-09  2.090174e-09  1.946795e-09  1.887146e-09  1.901858e-09  1.940320e-09  1.683417e-09  2.007513e-09  1.639949e-09  1.978972e-09  7.461917e-10  2.409261e-09  2.393289e-09  2.013113e-09  4.591085e-09  5.763863e-09  6.986051e-08  1.120447e-07  7.415237e-07  2.777960e-06  1.298337e-09  3.192871e-09  8.841851e-09  7.929310e-09
  2.371928e-09  2.127872e-09  2.495409e-09  2.494798e-09  2.537560e-09  2.510980e-09  2.502727e-09  2.506606e-09  2.431692e-09  2.468686e-09  2.213741e-09  2.002051e-09  2.081066e-09  2.001945e-09  1.983623e-09  1.897465e-09  2.047427e-09  2.097661e-09  2.594599e-09  2.255669e-09  2.468140e-09  2.534011e-09  1.798385e-09  1.252700e-09  1.491291e-09  8.719949e-09  6.608932e-09  1.298337e-09  1.303496e-06  4.659288e-08  2.247627e-08  1.971989e-08
  2.220433e-09  1.885514e-09  2.239329e-09  2.234670e-09  2.281980e-09  2.264075e-09  2.245015e-09  2.244787e-09  2.193064e-09  2.154186e-09  2.063101e-09  1.964277e-09  2.015614e-09  2.041683e-09  1.873966e-09  2.131670e-09  1.904529e-09  1.905531e-09  2.306427e-09  2.209188e-09  2.443645e-09  2.599900e-09  1.821307e-09  1.884326e-09  1.441134e-09  4.142245e-09  8.094268e-09  3.192871e-09  4.659288e-08  1.266135e-06  2.701037e-08  2.798993e-08
  2.069044e-09  1.685393e-09  1.955163e-09  2.013593e-09  2.032580e-09  2.053663e-09  2.106415e-09  2.038830e-09  2.071648e-09  2.232789e-09  1.947011e-09  1.964567e-09  1.952466e-09  2.024167e-09  2.280087e-09  1.636574e-09  1.880705e-09  1.741726e-09  1.949130e-09  2.109373e-09  2.254972e-09  2.345417e-09  1.992255e-09  2.077921e-09  2.525752e-09  4.654036e-09  8.267620e-09  8.841851e-09  2.247627e-08  2.701037e-08  1.321912e-06  2.035075e-08
  2.335926e-09  1.662650e-09  1.894052e-09  1.916640e-09  2.077498e-09  1.965882e-09  1.936900e-09  2.035202e-09  1.885166e-09  1.858149e-09  2.044389e-09  1.841983e-09  1.963174e-09  1.892548e-09  2.716270e-09  1.613474e-09  1.730878e-09  1.824936e-09  2.010574e-09  2.087451e-09  2.100275e-09  2.274850e-09  1.709496e-09  2.108626e-09  1.300622e-09  3.825394e-09  8.211080e-09  7.929310e-09  1.971989e-08  2.798993e-08  2.035075e-08  1.431258e-06
E_FREQ

B_FREQ 1.258925e+00
  1.827177e-06  4.422790e-07  1.799260e-08  2.350335e-08  3.425103e-09  4.152566e-09  2.168014e-09  2.291937e-09  2.103547e-09  2.279291e-09  2.205508e-09  1.968189e-09  1.909827e-09  1.844766e-09  1.747911e-09  1.796446e-09  7.794852e-10  1.987341e-09  2.176904e-09  2.169604e-09  2.344145e-09  2.174161e-09  2.269971e-09  2.376355e-09  2.149659e-09  2.115846e-09  2.118162e-09  2.007457e-09  2.114126e-09  1.979106e-09  1.844179e-09  2.082040e-09
  4.422790e-07  1.926593e-06  3.586958e-08  2.930672e-08  4.325568e-09  5.985224e-09  2.425188e-09  2.614049e-09  2.193716e-09  2.889223e-09  1.237553e-09  1.468270e-09  1.550836e-09  1.246638e-09  1.253258e-09  1.392244e-09  2.104245e-09  1.775751e-09  2.142655e-09  2.012163e-09  1.992740e-09  2.132182e-09  2.096720e-09  2.052403e-09  1.991589e-09  2.028061e-09  1.873087e-09  1.598588e-09  1.896607e-09  1.680604e-09  1.502244e-09  1.481972e-09
  1.799260e-08  3.586958e-08  2.006786e-06  4.634508e-07  3.416889e-08  5.068425e-08  5.092491e-10  2.012480e-09  2.371931e-09  2.866116e-09  1.693658e-09  1.908291e-09  1.710133e-09  1.579352e-09  1.480984e-09  1.588660e-09  2.115719e-09  2.201429e-09  2.581485e-09  2.418505e-09  2.487234e-09  2.586242e-09  2.604426e-09  2.592051e-09  2.523569e-09  2.504691e-09  2.251296e-09  1.935229e-09  2.224185e-09  1.995952e-09  1.742685e-09  1.688217e-09
  2.350335e-08  2.930672e-08  4.634508e-07  1.862612e-06  1.711204e-08  3.347125e-08  1.296778e-10  8.294812e-10  2.107528e-09  2.249297e-09  1.766133e-09  1.760196e-09  1.818785e-09  1.715246e-09  1.613979e-09  1.631745e-09  2.024948e-09  2.096810e-09  2.576135e-09  2.608944e-09  2.703263e-09  2.640922e-09  2.647836e-09  2.645642e-09  2.548198e-09  2.511640e-09  2.230193e-09  1.983443e-09  2.223640e-09  1.991798e-09  1.794760e-09  1.708349e-09
  3.425103e-09  4.325568e-09  3.416889e-08  1.711204e-08  1.629887e-06  3.361252e-07  1.298413e-08  2.093361e-08  7.592683e-09  1.283012e-08  6.443412e-09  5.813308e-09  1.920403e-09  1.810893e-09  1.876939e-09  1.733413e-09  1.761881e-09  2.093640e-09  2.538522e-09  2.558841e-09  2.687653e-09  2.819822e-09  2.722898e-09  2.682970e-09  2.621315e-09  2.532267e-09  2.263467e-09  1.977274e-09  2.261751e-09  2.033963e-09  1.811683e-09  1.851712e-09
  4.152566e-09  5.985224e-09  5.068425e-08  3.347125e-08  3.361252e-07  1.618396e-06  2.426669e-09  9.308956e-09  4.630981e-09  8.259597e-09  4.891234e-09  4.901744e-09  1.754839e-09  1.710095e-09  1.715501e-09  1.639762e-09  2.133433e-09  2.164552e-09  2.585232e-09  2.507352e-09  2.584703e-09  2.617495e-09  2.647584e-09  2.656237e-09  2.603350e-09  2.543288e-09  2.268517e-09  1.975168e-09  2.238063e-09  2.018006e-09  1.830474e-09  1.752237e-09
  2.168014e-09  2.425188e-09  5.092491e-10  1.296778e-10  1.298413e-08  2.426669e-09  1.454520e-06  2.795794e-07  3.808256e-08  7.600439e-08  1.991063e-08  1.733409e-08  1.783390e-09  1.667316e-09  1.896181e-09  1.823822e-09  1.847701e-09  2.098150e-09  2.509501e-09  2.535129e-09  2.623827e-09  2.631908e-09  2.616828e-09  2.610616e-09  2.532055e-09  2.496067e-09  2.258565e-09  1.972547e-09  2.230707e-09  2.001019e-09  1.877489e-09  1.726407e-09
  2.291937e-09  2.614049e-09  2.012480e-09  8.294812e-10  2.093361e-08  9.308956e-09  2.795794e-07  1.458776e-06  1.973805e-08  4.080997e-08  1.366792e-08  1.190818e-08  1.214074e-09  1.347806e-09  1.704269e-09  1.653999e-09  1.796999e-09  2.066184e-09  2.529764e-09  2.532670e-09  2.627618e-09  2.700712e-09  2.634613e-09  2.615663e-09  2.538196e-09  2.504111e-09  2.224235e-09  1.935646e-09  2.234164e-09  2.000815e-09  1.817253e-09  1.814018e-09
  2.103547e-09  2.193716e-09  2.371931e-09  2.107528e-09  7.592683e-09  4.630981e-09  3.808256e-08  1.973805e-08  1.786897e-06  3.646846e-07  6.898262e-08  7.383153e-08  2.706656e-09  2.416525e-09  3.644338e-09  3.760057e-09  1.834978e-09  2.015303e-09  2.377984e-09  2.463656e-09  2.550075e-09  2.524988e-09  2.529323e-09  2.545116e-09  2.492612e-09  2.407368e-09  2.225205e-09  1.929677e-09  2.167396e-09  1.954717e-09  1.846503e-09  1.680299e-09
  2.279291e-09  2.889223e-09  2.866116e-09  2.249297e-09  1.283012e-08  8.259597e-09  7.600439e-08  4.080997e-08  3.646846e-07  1.774011e-06  6.286312e-08  4.889768e-08  1.158208e-10  5.581321e-10  2.123453e-09  2.590584e-09  1.803799e-09  2.069925e-09  2.404134e-09  2.439293e-09  2.505133e-09  2.501039e-09  2.562573e-09  2.586059e-09  2.579632e-09  2.454485e-09  2.240021e-09  1.863009e-09  2.200368e-09  1.920067e-09  1.990120e-09  1.656220e-09
  2.205508e-09  1.237553e-09  1.693658e-09  1.766133e-09  6.443412e-09  4.891234e-09  1.991063e-08  1.366792e-08  6.898262e-08  6.286312e-08  2.449462e-06  6.604434e-07  6.487429e-09  9.348304e-09  8.723083e-09  7.753239e-09  1.517990e-09  1.755218e-09  2.093897e-09  2.050658e-09  2.094091e-09  2.187907e-09  2.154954e-09  2.197533e-09  2.184838e-09  2.123963e-09  1.954992e-09  1.735221e-09  1.973145e-09  1.838886e-09  1.735420e-09  1.822209e-09
  1.968189e-09  1.468270e-09  1.908291e-09  1.760196e-09  5.813308e-09  4.901744e-09  1.733409e-08  1.190818e-08  7.383153e-08  4.889768e-08  6.604434e-07  2.469562e-06  4.027912e-10  5.615795e-09  8.296483e-09  7.914587e-09  1.454185e-09  1.553090e-09  1.846408e-09  1.936184e-09  1.944122e-09  2.066997e-09  1.979167e-09  1.973307e-09  1.944231e-09  1.886652e-09  1.764575e-09  1.682053e-09  1.784470e-09  1.750803e-09  1.751061e-09  1.641805e-09
  1.909827e-09  1.550836e-09  1.710133e-09  1.818785e-09  1.920403e-09  1.754839e-09  1.783390e-09  1.214074e-09  2.706656e-09  1.158208e-10  6.487429e-09  4.027912e-10  1.118401e-06  3.911488e-08  1.594435e-08  1.780349e-08  1.567507e-09  1.641335e-09  1.809114e-09  1.857101e-09  1.910738e-09  1.911582e-09  1.881911e-09  1.885644e-09  1.860544e-09  1.856676e-09  1.851276e-09  1.695169e-09  1.854896e-09  1.796562e-09  1.740281e-09  1.749824e-09
  1.844766e-09  1.246638e-09  1.579352e-09  1.715246e-09  1.810893e-09  1.710095e-09  1.667316e-09  1.347806e-09  2.416525e-09  5.581321e-10  9.348304e-09  5.615795e-09  3.911488e-08  1.141489e-06  2.402037e-08  2.400078e-08  1.502771e-09  1.572717e-09  1.699224e-09  1.770465e-09  1.823241e-09  1.833926e-09  1.820812e-09  1.817737e-09  1.780394e-09  1.761931e-09  1.780909e-09  1.729448e-09  1.784379e-09  1.819796e-09  1.804186e-09  1.686877e-09
  1.747911e-09  1.253258e-09  1.480984e-09  1.613979e-09  1.876939e-09  1.715501e-09  1.896181e-09  1.704269e-09  3.644338e-09  2.123453e-09  8.723083e-09  8.296483e-09  1.594435e-08  2.402037e-08  1.285093e-06  1.901310e-08  1.638278e-09  1.527802e-09  1.607801e-09  1.640170e-09  1.705953e-09  1.809491e-09  1.691578e-09  1.616067e-09  1.563179e-09  1.579741e-09  1.681655e-09  1.500483e-09  1.768050e-09  1.670317e-09  2.032281e-09  2.421036e-09
  1.796446e-09  1.392244e-09  1.588660e-09  1.631745e-09  1.733413e-09  1.639762e-09  1.823822e-09  1.653999e-09  3.760057e-09  2.590584e-09  7.753239e-09  7.914587e-09  1.780349e-08  2.400078e-08  1.901310e-08  1.218341e-06  1.340710e-09  1.471203e-09  1.498732e-09  1.623942e-09  1.672848e-09  1.655325e-09  1.626028e-09  1.663915e-09  1.697622e-09  1.758820e-09  1.678505e-09  1.789335e-09  1.691260e-09  1.899998e-09  1.458739e-09  1.438150e-09
  7.794852e-10  2.104245e-09  2.115719e-09  2.024948e-09  1.761881e-09  2.133433e-09  1.847701e-09  1.796999e-09  1.834978e-09  1.803799e-09  1.517990e-09  1.454185e-09  1.567507e-09  1.502771e-09  1.638278e-09  1.340710e-09  1.742175e-06  4.195823e-07  2.046536e-08  1.726223e-08  2.189751e-09  1.742974e-09  1.619397e-09  1.648786e-09  1.784531e-09  1.708321e-09  1.706679e-09  1.461724e-09  1.824916e-09  1.697558e-09  1.676323e-09  1.542790e-09
  1.987341e-09  1.775751e-09  2.201429e-09  2.096810e-09  2.093640e-09  2.164552e-09  2.098150e-09  2.066184e-09  2.015303e-09  2.069925e-09  1.755218e-09  1.553090e-09  1.641335e-09  1.572717e-09  1.527802e-09  1.471203e-09  4.195823e-07  1.863489e-06  3.527991e-08  3.271564e-08  2.728705e-09  1.642484e-09  1.617141e-09  1.497466e-09  2.049628e-09  2.026393e-09  1.939144e-09  1.763889e-09  1.869679e-09  1.698440e-09  1.552446e-09  1.626605e-09
  2.176904e-09  2.142655e-09  2.581485e-09  2.576135e-09  2.538522e-09  2.585232e-09  2.509501e-09  2.529764e-09  2.377984e-09  2.404134e-09  2.093897e-09  1.846408e-09  1.809114e-09  1.699224e-09  1.607801e-09  1.498732e-09  2.046536e-08  3.527991e-08  1.900221e-06  4.632841e-07  1.813769e-08  7.683056e-09  1.880363e-09  1.672626e-10  2.085838e-09  1.358226e-09  1.662766e-09  6.651999e-10  2.312631e-09  2.055787e-09  1.737314e-09  1.792095e-09
  2.169604e-09  2.012163e-09  2.418505e-09  2.608944e-09  2.558841e-09  2.507352e-09  2.535129e-09  2.532670e-09  2.463656e-09  2.439293e-09  2.050658e-09  1.936184e-09  1.857101e-09  1.770465e-09  1.640170e-09  1.623942e-09  1.726223e-08  3.271564e-08  4.632841e-07  1.994131e-06  2.466003e-08  1.283162e-08  1.294135e-09  5.387956e-10  2.622084e-09  2.500380e-09  2.634776e-09  2.147408e-09  2.010572e-09  1.969137e-09  1.880129e-09  1.860625e-09
  2.344145e-09  1.992740e-09  2.487234e-09  2.703263e-09  2.687653e-09  2.584703e-09  2.623827e-09  2.627618e-09  2.550075e-09  2.505133e-09  2.094091e-09  1.944122e-09  1.910738e-09  1.823241e-09  1.705953e-09  1.672848e-09  2.189751e-09  2.728705e-09  1.813769e-08  2.466003e-08  1.813242e-06  3.956240e-07  2.158632e-08  1.058788e-08  3.969393e-09  2.934213e-09  2.926414e-09  2.133215e-09  2.200022e-09  2.178155e-09  2.009912e-09  1.872091e-09
  2.174161e-09  2.132182e-09  2.586242e-09  2.640922e-09  2.819822e-09  2.617495e-09  2.631908e-09  2.700712e-09  2.524988e-09  2.501039e-09  2.187907e-09  2.066997e-09  1.911582e-09  1.833926e-09  1.809491e-09  1.655325e-09  1.742974e-09  1.642484e-09  7.683056e-09  1.283162e-08  3.956240e-07  1.793527e-06  2.988875e-08  2.099414e-08  5.733399e-09  3.909460e-09  3.256780e-09  1.794471e-09  2.258792e-09  2.317477e-09  2.090537e-09  2.027733e-09
  2.269971e-09  2.096720e-09  2.604426e-09  2.647836e-09  2.722898e-09  2.647584e-09  2.616828e-09  2.634613e-09  2.529323e-09  2.562573e-09  2.154954e-09  1.979167e-09  1.881911e-09  1.820812e-09  1.691578e-09  1.626028e-09  1.619397e-09  1.617141e-09  1.880363e-09  1.294135e-09  2.158632e-08  2.988875e-08  1.548273e-06  3.216674e-07  2.828019e-08  1.432645e-08  5.159047e-09  4.093008e-09  1.603304e-09  1.623572e-09  1.775800e-09  1.523792e-09
  2.376355e-09  2.052403e-09  2.592051e-09  2.645642e-09  2.682970e-09  2.656237e-09  2.610616e-09  2.615663e-09  2.545116e-09  2.586059e-09  2.197533e-09  1.973307e-09  1.885644e-09  1.817737e-09  1.616067e-09  1.663915e-09  1.648786e-09  1.497466e-09  1.672626e-10  5.387956e-10  1.058788e-08  2.099414e-08  3.216674e-07  1.486939e-06  4.514888e-08  2.213750e-08  6.686811e-09  5.138937e-09  1.117264e-09  1.679954e-09  1.852198e-09  1.879656e-09
