B_RMATS  180
B_FREQ 0.000000e+00
  3.775590e-02  4.698643e-05  4.698643e-05  4.698643e-05  4.698643e-05  4.698643e-05  4.698643e-05  4.698643e-05  4.698643e-05  4.698643e-05  4.698643e-05  4.698643e-05  4.698643e-05  4.698643e-05  4.698643e-05  4.698643e-05  4.698643e-05  4.698643e-05  4.698643e-05  4.698643e-05  4.698643e-05  4.698643e-05  4.698643e-05  4.698643e-05  4.698643e-05  4.698643e-05  4.698643e-05  4.698643e-05  4.698643e-05  4.698643e-05  4.698643e-05  4.698643e-05
  4.698643e-05  4.006160e-02  4.698643e-05  4.698643e-05  4.698643e-05  4.698643e-05  4.698643e-05  4.698643e-05  4.698643e-05  4.698643e-05  4.698643e-05  4.698643e-05  4.698643e-05  4.698643e-05  4.698643e-05  4.698643e-05  4.698643e-05  4.698643e-05  4.698643e-05  4.698643e-05  4.698643e-05  4.698643e-05  4.698643e-05  4.698643e-05  4.698643e-05  4.698643e-05  4.698643e-05  4.698643e-05  4.698643e-05  4.698643e-05  4.698643e-05  4.698643e-05
  4.698643e-05  4.698643e-05  4.224622e-02  4.698643e-05  4.698643e-05  4.698643e-05  4.698643e-05  4.698643e-05  4.698643e-05  4.698643e-05  4.698643e-05  4.698643e-05  4.698643e-05  4.698643e-05  4.698643e-05  4.698643e-05  4.698643e-05  4.698643e-05  4.698643e-05  4.698643e-05  4.698643e-05  4.698643e-05  4.698643e-05  4.698643e-05  4.698643e-05  4.698643e-05  4.698643e-05  4.698643e-05  4.698643e-05  4.698643e-05  4.698643e-05  4.698643e-05
  4.698643e-05  4.698643e-05  4.698643e-05  4.027160e-02  4.698643e-05  4.698643e-05  4.698643e-05  4.698643e-05  4.698643e-05  4.698643e-05  4.698643e-05  4.698643e-05  4.698643e-05  4.698643e-05  4.698643e-05  4.698643e-05  4.698643e-05  4.698643e-05  4.698643e-05  4.698643e-05  4.698643e-05  4.698643e-05  4.698643e-05  4.698643e-05  4.698643e-05  4.698643e-05  4.698643e-05  4.698643e-05  4.698643e-05  4.698643e-05  4.698643e-05  4.698643e-05
  4.698643e-05  4.698643e-05  4.698643e-05  4.698643e-05  3.595436e-02  4.698643e-05  4.698643e-05  4.698643e-05  4.698643e-05  4.698643e-05  4.698643e-05  4.698643e-05  4.698643e-05  4.698643e-05  4.698643e-05  4.698643e-05  4.698643e-05  4.698643e-05  4.698643e-05  4.698643e-05  4.698643e-05  4.698643e-05  4.698643e-05  4.698643e-05  4.698643e-05  4.698643e-05  4.698643e-05  4.698643e-05  4.698643e-05  4.698643e-05  4.698643e-05  4.698643e-05
  4.698643e-05  4.698643e-05  4.698643e-05  4.698643e-05  4.698643e-05  3.667461e-02  4.698643e-05  4.698643e-05  4.698643e-05  4.698643e-05  4.698643e-05  4.698643e-05  4.698643e-05  4.698643e-05  4.698643e-05  4.698643e-05  4.698643e-05  4.698643e-05  4.698643e-05  4.698643e-05  4.698643e-05  4.698643e-05  4.698643e-05  4.698643e-05  4.698643e-05  4.698643e-05  4.698643e-05  4.698643e-05  4.698643e-05  4.698643e-05  4.698643e-05  4.698643e-05
  4.698643e-05  4.698643e-05  4.698643e-05  4.698643e-05  4.698643e-05  4.698643e-05  3.280528e-02  4.698643e-05  4.698643e-05  4.698643e-05  4.698643e-05  4.698643e-05  4.698643e-05  4.698643e-05  4.698643e-05  4.698643e-05  4.698643e-05  4.698643e-05  4.698643e-05  4.698643e-05  4.698643e-05  4.698643e-05  4.698643e-05  4.698643e-05  4.698643e-05  4.698643e-05  4.698643e-05  4.698643e-05  4.698643e-05  4.698643e-05  4.698643e-05  4.698643e-05
  4.698643e-05  4.698643e-05  4.698643e-05  4.698643e-05  4.698643e-05  4.698643e-05  4.698643e-05  3.331256e-02  4.698643e-05  4.698643e-05  4.698643e-05  4.698643e-05  4.698643e-05  4.698643e-05  4.698643e-05  4.698643e-05  4.698643e-05  4.698643e-05  4.698643e-05  4.698643e-05  4.698643e-05  4.698643e-05  4.698643e-05  4.698643e-05  4.698643e-05  4.698643e-05  4.698643e-05  4.698643e-05  4.698643e-05  4.698643e-05  4.698643e-05  4.698643e-05
  4.698643e-05  4.698643e-05  4.698643e-05  4.698643e-05  4.698643e-05  4.698643e-05  4.698643e-05  4.698643e-05  4.038327e-02  4.698643e-05  4.698643e-05  4.698643e-05  4.698643e-05  4.698643e-05  4.698643e-05  4.698643e-05  4.698643e-05  4.698643e-05  4.698643e-05  4.698643e-05  4.698643e-05  4.698643e-05  4.698643e-05  4.698643e-05  4.698643e-05  4.698643e-05  4.698643e-05  4.698643e-05  4.698643e-05  4.698643e-05  4.698643e-05  4.698643e-05
  4.698643e-05  4.698643e-05  4.698643e-05  4.698643e-05  4.698643e-05  4.698643e-05  4.698643e-05  4.698643e-05  4.698643e-05  3.983006e-02  4.698643e-05  4.698643e-05  4.698643e-05  4.698643e-05  4.698643e-05  4.698643e-05  4.698643e-05  4.698643e-05  4.698643e-05  4.698643e-05  4.698643e-05  4.698643e-05  4.698643e-05  4.698643e-05  4.698643e-05  4.698643e-05  4.698643e-05  4.698643e-05  4.698643e-05  4.698643e-05  4.698643e-05  4.698643e-05
  4.698643e-05  4.698643e-05  4.698643e-05  4.698643e-05  4.698643e-05  4.698643e-05  4.698643e-05  4.698643e-05  4.698643e-05  4.698643e-05  5.102733e-02  4.698643e-05  4.698643e-05  4.698643e-05  4.698643e-05  4.698643e-05  4.698643e-05  4.698643e-05  4.698643e-05  4.698643e-05  4.698643e-05  4.698643e-05  4.698643e-05  4.698643e-05  4.698643e-05  4.698643e-05  4.698643e-05  4.698643e-05  4.698643e-05  4.698643e-05  4.698643e-05  4.698643e-05
  4.698643e-05  4.698643e-05  4.698643e-05  4.698643e-05  4.698643e-05  4.698643e-05  4.698643e-05  4.698643e-05  4.698643e-05  4.698643e-05  4.698643e-05  5.070021e-02  4.698643e-05  4.698643e-05  4.698643e-05  4.698643e-05  4.698643e-05  4.698643e-05  4.698643e-05  4.698643e-05  4.698643e-05  4.698643e-05  4.698643e-05  4.698643e-05  4.698643e-05  4.698643e-05  4.698643e-05  4.698643e-05  4.698643e-05  4.698643e-05  4.698643e-05  4.698643e-05
  4.698643e-05  4.698643e-05  4.698643e-05  4.698643e-05  4.698643e-05  4.698643e-05  4.698643e-05  4.698643e-05  4.698643e-05  4.698643e-05  4.698643e-05  4.698643e-05  3.006560e-02  4.698643e-05  4.698643e-05  4.698643e-05  4.698643e-05  4.698643e-05  4.698643e-05  4.698643e-05  4.698643e-05  4.698643e-05  4.698643e-05  4.698643e-05  4.698643e-05  4.698643e-05  4.698643e-05  4.698643e-05  4.698643e-05  4.698643e-05  4.698643e-05  4.698643e-05
  4.698643e-05  4.698643e-05  4.698643e-05  4.698643e-05  4.698643e-05  4.698643e-05  4.698643e-05  4.698643e-05  4.698643e-05  4.698643e-05  4.698643e-05  4.698643e-05  4.698643e-05  3.108178e-02  4.698643e-05  4.698643e-05  4.698643e-05  4.698643e-05  4.698643e-05  4.698643e-05  4.698643e-05  4.698643e-05  4.698643e-05  4.698643e-05  4.698643e-05  4.698643e-05  4.698643e-05  4.698643e-05  4.698643e-05  4.698643e-05  4.698643e-05  4.698643e-05
  4.698643e-05  4.698643e-05  4.698643e-05  4.698643e-05  4.698643e-05  4.698643e-05  4.698643e-05  4.698643e-05  4.698643e-05  4.698643e-05  4.698643e-05  4.698643e-05  4.698643e-05  4.698643e-05  3.570710e-02  4.698643e-05  4.698643e-05  4.698643e-05  4.698643e-05  4.698643e-05  4.698643e-05  4.698643e-05  4.698643e-05  4.698643e-05  4.698643e-05  4.698643e-05  4.698643e-05  4.698643e-05  4.698643e-05  4.698643e-05  4.698643e-05  4.698643e-05
  4.698643e-05  4.698643e-05  4.698643e-05  4.698643e-05  4.698643e-05  4.698643e-05  4.698643e-05  4.698643e-05  4.698643e-05  4.698643e-05  4.698643e-05  4.698643e-05  4.698643e-05  4.698643e-05  4.698643e-05  3.322568e-02  4.698643e-05  4.698643e-05  4.698643e-05  4.698643e-05  4.698643e-05  4.698643e-05  4.698643e-05  4.698643e-05  4.698643e-05  4.698643e-05  4.698643e-05  4.698643e-05  4.698643e-05  4.698643e-05  4.698643e-05  4.698643e-05
  4.698643e-05  4.698643e-05  4.698643e-05  4.698643e-05  4.698643e-05  4.698643e-05  4.698643e-05  4.698643e-05  4.698643e-05  4.698643e-05  4.698643e-05  4.698643e-05  4.698643e-05  4.698643e-05  4.698643e-05  4.698643e-05  3.751486e-02  4.698643e-05  4.698643e-05  4.698643e-05  4.698643e-05  4.698643e-05  4.698643e-05  4.698643e-05  4.698643e-05  4.698643e-05  4.698643e-05  4.698643e-05  4.698643e-05  4.698643e-05  4.698643e-05  4.698643e-05
  4.698643e-05  4.698643e-05  4.698643e-05  4.698643e-05  4.698643e-05  4.698643e-05  4.698643e-05  4.698643e-05  4.698643e-05  4.698643e-05  4.698643e-05  4.698643e-05  4.698643e-05  4.698643e-05  4.698643e-05  4.698643e-05  4.698643e-05  3.977059e-02  4.698643e-05  4.698643e-05  4.698643e-05  4.698643e-05  4.698643e-05  4.698643e-05  4.698643e-05  4.698643e-05  4.698643e-05  4.698643e-05  4.698643e-05  4.698643e-05  4.698643e-05  4.698643e-05
  4.698643e-05  4.698643e-05  4.698643e-05  4.698643e-05  4.698643e-05  4.698643e-05  4.698643e-05  4.698643e-05  4.698643e-05  4.698643e-05  4.698643e-05  4.698643e-05  4.698643e-05  4.698643e-05  4.698643e-05  4.698643e-05  4.698643e-05  4.698643e-05  4.071987e-02  4.698643e-05  4.698643e-05  4.698643e-05  4.698643e-05  4.698643e-05  4.698643e-05  4.698643e-05  4.698643e-05  4.698643e-05  4.698643e-05  4.698643e-05  4.698643e-05  4.698643e-05
  4.698643e-05  4.698643e-05  4.698643e-05  4.698643e-05  4.698643e-05  4.698643e-05  4.698643e-05  4.698643e-05  4.698643e-05  4.698643e-05  4.698643e-05  4.698643e-05  4.698643e-05  4.698643e-05  4.698643e-05  4.698643e-05  4.698643e-05  4.698643e-05  4.698643e-05  4.208541e-02  4.698643e-05  4.698643e-05  4.698643e-05  4.698643e-05  4.698643e-05  4.698643e-05  4.698643e-05  4.698643e-05  4.698643e-05  4.698643e-05  4.698643e-05  4.698643e-05
  4.698643e-05  4.698643e-05  4.698643e-05  4.698643e-05  4.698643e-05  4.698643e-05  4.698643e-05  4.698643e-05  4.698643e-05  4.698643e-05  4.698643e-05  4.698643e-05  4.698643e-05  4.698643e-05  4.698643e-05  4.698643e-05  4.698643e-05  4.698643e-05  4.698643e-05  4.698643e-05  3.969974e-02  4.698643e-05  4.698643e-05  4.698643e-05  4.698643e-05  4.698643e-05  4.698643e-05  4.698643e-05  4.698643e-05  4.698643e-05  4.698643e-05  4.698643e-05
  4.698643e-05  4.698643e-05  4.698643e-05  4.698643e-05  4.698643e-05  4.698643e-05  4.698643e-05  4.698643e-05  4.698643e-05  4.698643e-05  4.698643e-05  4.698643e-05  4.698643e-05  4.698643e-05  4.698643e-05  4.698643e-05  4.698643e-05  4.698643e-05  4.698643e-05  4.698643e-05  4.698643e-05  3.932363e-02  4.698643e-05  4.698643e-05  4.698643e-05  4.698643e-05  4.698643e-05  4.698643e-05  4.698643e-05  4.698643e-05  4.698643e-05  4.698643e-05
  4.698643e-05  4.698643e-05  4.698643e-05  4.698643e-05  4.698643e-05  4.698643e-05  4.698643e-05  4.698643e-05  4.698643e-05  4.698643e-05  4.698643e-05  4.698643e-05  4.698643e-05  4.698643e-05  4.698643e-05  4.698643e-05  4.698643e-05  4.698643e-05  4.698643e-05  4.698643e-05  4.698643e-05  4.698643e-05  3.330523e-02  4.698643e-05  4.698643e-05  4.698643e-05  4.698643e-05  4.698643e-05  4.698643e-05  4.698643e-05  4.698643e-05  4.698643e-05
  4.698643e-05  4.698643e-05  4.698643e-05  4.698643e-05  4.698643e-05  4.698643e-05  4.698643e-05  4.698643e-05  4.698643e-05  4.698643e-05  4.698643e-05  4.698643e-05  4.698643e-05  4.698643e-05  4.698643e-05  4.698643e-05  4.698643e-05  4.698643e-05  4.698643e-05  4.698643e-05  4.698643e-05  4.698643e-05  4.698643e-05  3.304869e-02  4.698643e-05  4.698643e-05  4.698643e-05  4.698643e-05  4.698643e-05  4.698643e-05  4.698643e-05  4.698643e-05
  4.698643e-05  4.698643e-05  4.698643e-05  4.698643e-05  4.698643e-05  4.698643e-05  4.698643e-05  4.698643e-05  4.698643e-05  4.698643e-05  4.698643e-05  4.698643e-05  4.698643e-05  4.698643e-05  4.698643e-05  4.698643e-05  4.698643e-05  4.698643e-05  4.698643e-05  4.698643e-05  4.698643e-05  4.698643e-05  4.698643e-05  4.698643e-05  3.872644e-02  4.698643e-05  4.698643e-05  4.698643e-05  4.698643e-05  4.698643e-05  4.698643e-05  4.698643e-05
  4.698643e-05  4.698643e-05  4.698643e-05  4.698643e-05  4.698643e-05  4.698643e-05  4.698643e-05  4.698643e-05  4.698643e-05  4.698643e-05  4.698643e-05  4.698643e-05  4.698643e-05  4.698643e-05  4.698643e-05  4.698643e-05  4.698643e-05  4.698643e-05  4.698643e-05  4.698643e-05  4.698643e-05  4.698643e-05  4.698643e-05  4.698643e-05  4.698643e-05  3.896727e-02  4.698643e-05  4.698643e-05  4.698643e-05  4.698643e-05  4.698643e-05  4.698643e-05
  4.698643e-05  4.698643e-05  4.698643e-05  4.698643e-05  4.698643e-05  4.698643e-05  4.698643e-05  4.698643e-05  4.698643e-05  4.698643e-05  4.698643e-05  4.698643e-05  4.698643e-05  4.698643e-05  4.698643e-05  4.698643e-05  4.698643e-05  4.698643e-05  4.698643e-05  4.698643e-05  4.698643e-05  4.698643e-05  4.698643e-05  4.698643e-05  4.698643e-05  4.698643e-05  5.118707e-02  4.698643e-05  4.698643e-05  4.698643e-05  4.698643e-05  4.698643e-05
  4.698643e-05  4.698643e-05  4.698643e-05  4.698643e-05  4.698643e-05  4.698643e-05  4.698643e-05  4.698643e-05  4.698643e-05  4.698643e-05  4.698643e-05  4.698643e-05  4.698643e-05  4.698643e-05  4.698643e-05  4.698643e-05  4.698643e-05  4.698643e-05  4.698643e-05  4.698643e-05  4.698643e-05  4.698643e-05  4.698643e-05  4.698643e-05  4.698643e-05  4.698643e-05  4.698643e-05  5.096867e-02  4.698643e-05  4.698643e-05  4.698643e-05  4.698643e-05
  4.698643e-05  4.698643e-05  4.698643e-05  4.698643e-05  4.698643e-05  4.698643e-05  4.698643e-05  4.698643e-05  4.698643e-05  4.698643e-05  4.698643e-05  4.698643e-05  4.698643e-05  4.698643e-05  4.698643e-05  4.698643e-05  4.698643e-05  4.698643e-05  4.698643e-05  4.698643e-05  4.698643e-05  4.698643e-05  4.698643e-05  4.698643e-05  4.698643e-05  4.698643e-05  4.698643e-05  4.698643e-05  3.109162e-02  4.698643e-05  4.698643e-05  4.698643e-05
  4.698643e-05  4.698643e-05  4.698643e-05  4.698643e-05  4.698643e-05  4.698643e-05  4.698643e-05  4.698643e-05  4.698643e-05  4.698643e-05  4.698643e-05  4.698643e-05  4.698643e-05  4.698643e-05  4.698643e-05  4.698643e-05  4.698643e-05  4.698643e-05  4.698643e-05  4.698643e-05  4.698643e-05  4.698643e-05  4.698643e-05  4.698643e-05  4.698643e-05  4.698643e-05  4.698643e-05  4.698643e-05  4.698643e-05  3.059098e-02  4.698643e-05  4.698643e-05
  4.698643e-05  4.698643e-05  4.698643e-05  4.698643e-05  4.698643e-05  4.698643e-05  4.698643e-05  4.698643e-05  4.698643e-05  4.698643e-05  4.698643e-05  4.698643e-05  4.698643e-05  4.698643e-05  4.698643e-05  4.698643e-05  4.698643e-05  4.698643e-05  4.698643e-05  4.698643e-05  4.698643e-05  4.698643e-05  4.698643e-05  4.698643e-05  4.698643e-05  4.698643e-05  4.698643e-05  4.698643e-05  4.698643e-05  4.698643e-05  3.228022e-02  4.698643e-05
  4.698643e-05  4.698643e-05  4.698643e-05  4.698643e-05  4.698643e-05  4.698643e-05  4.698643e-05  4.698643e-05  4.698643e-05  4.698643e-05  4.698643e-05  4.698643e-05  4.698643e-05  4.698643e-05  4.698643e-05  4.698643e-05  4.698643e-05  4.698643e-05  4.698643e-05  4.698643e-05  4.698643e-05  4.698643e-05  4.698643e-05  4.698643e-05  4.698643e-05  4.698643e-05  4.698643e-05  4.698643e-05  4.698643e-05  4.698643e-05  4.698643e-05  3.548917e-02
E_FREQ

B_FREQ 1.000000e+00
  3.776877e-02  5.009902e-05  4.711290e-05  4.715170e-05  4.701050e-05  4.701560e-05  4.700170e-05  4.700257e-05  4.700125e-05  4.700249e-05  4.700197e-05  4.700030e-05  4.699988e-05  4.699943e-05  4.699874e-05  4.699909e-05  4.699192e-05  4.700043e-05  4.700177e-05  4.700172e-05  4.700295e-05  4.700175e-05  4.700242e-05  4.700317e-05  4.700158e-05  4.700134e-05  4.700135e-05  4.700057e-05  4.700132e-05  4.700037e-05  4.699942e-05  4.700110e-05
  5.009902e-05  4.007517e-02  4.723846e-05  4.719242e-05  4.701678e-05  4.702845e-05  4.700350e-05  4.700483e-05  4.700188e-05  4.700678e-05  4.699514e-05  4.699677e-05  4.699735e-05  4.699521e-05  4.699526e-05  4.699624e-05  4.700126e-05  4.699894e-05  4.700153e-05  4.700061e-05  4.700047e-05  4.700145e-05  4.700120e-05  4.700089e-05  4.700046e-05  4.700072e-05  4.699963e-05  4.699769e-05  4.699979e-05  4.699827e-05  4.699701e-05  4.699687e-05
  4.711290e-05  4.723846e-05  4.226035e-02  5.024558e-05  4.722585e-05  4.734166e-05  4.698984e-05  4.700042e-05  4.700309e-05  4.700655e-05  4.699834e-05  4.699986e-05  4.699848e-05  4.699755e-05  4.699686e-05  4.699762e-05  4.700134e-05  4.700194e-05  4.700462e-05  4.700347e-05  4.700395e-05  4.700465e-05  4.700478e-05  4.700469e-05  4.700421e-05  4.700408e-05  4.700229e-05  4.700006e-05  4.700210e-05  4.700049e-05  4.699871e-05  4.699832e-05
  4.715170e-05  4.719242e-05  5.024558e-05  4.028471e-02  4.710602e-05  4.722093e-05  4.698722e-05  4.699214e-05  4.700124e-05  4.700223e-05  4.699886e-05  4.699882e-05  4.699924e-05  4.699851e-05  4.699780e-05  4.699792e-05  4.700070e-05  4.700120e-05  4.700458e-05  4.700481e-05  4.700548e-05  4.700504e-05  4.700509e-05  4.700507e-05  4.700438e-05  4.700413e-05  4.700214e-05  4.700040e-05  4.700210e-05  4.700046e-05  4.699907e-05  4.699846e-05
  4.701050e-05  4.701678e-05  4.722585e-05  4.710602e-05  3.596583e-02  4.934807e-05  4.707661e-05  4.713223e-05  4.703967e-05  4.707648e-05  4.703171e-05  4.702733e-05  4.699995e-05  4.699918e-05  4.699965e-05  4.699864e-05  4.699884e-05  4.700118e-05  4.700432e-05  4.700446e-05  4.700537e-05  4.700630e-05  4.700562e-05  4.700533e-05  4.700490e-05  4.700427e-05  4.700238e-05  4.700036e-05  4.700237e-05  4.700076e-05  4.699919e-05  4.699948e-05
  4.701560e-05  4.702845e-05  4.734166e-05  4.722093e-05  4.934807e-05  3.668600e-02  4.700249e-05  4.705075e-05  4.701883e-05  4.704431e-05  4.702080e-05  4.702092e-05  4.699878e-05  4.699847e-05  4.699851e-05  4.699798e-05  4.700146e-05  4.700168e-05  4.700465e-05  4.700410e-05  4.700464e-05  4.700487e-05  4.700508e-05  4.700515e-05  4.700477e-05  4.700435e-05  4.700241e-05  4.700035e-05  4.700220e-05  4.700065e-05  4.699933e-05  4.699877e-05
  4.700170e-05  4.700350e-05  4.698984e-05  4.698722e-05  4.707661e-05  4.700249e-05  3.281552e-02  4.895081e-05  4.725333e-05  4.751993e-05  4.712635e-05  4.710836e-05  4.699895e-05  4.699815e-05  4.699978e-05  4.699927e-05  4.699945e-05  4.700121e-05  4.700411e-05  4.700429e-05  4.700492e-05  4.700497e-05  4.700487e-05  4.700482e-05  4.700427e-05  4.700402e-05  4.700234e-05  4.700033e-05  4.700215e-05  4.700053e-05  4.699966e-05  4.699859e-05
  4.700257e-05  4.700483e-05  4.700042e-05  4.699214e-05  4.713223e-05  4.705075e-05  4.895081e-05  3.332283e-02  4.712433e-05  4.727251e-05  4.708246e-05  4.707017e-05  4.699495e-05  4.699590e-05  4.699843e-05  4.699808e-05  4.699909e-05  4.700099e-05  4.700425e-05  4.700428e-05  4.700494e-05  4.700546e-05  4.700499e-05  4.700486e-05  4.700431e-05  4.700407e-05  4.700210e-05  4.700007e-05  4.700217e-05  4.700053e-05  4.699923e-05  4.699921e-05
  4.700125e-05  4.700188e-05  4.700309e-05  4.700124e-05  4.703967e-05  4.701883e-05  4.725333e-05  4.712433e-05  4.039585e-02  4.954988e-05  4.747033e-05  4.750560e-05  4.700511e-05  4.700322e-05  4.701202e-05  4.701287e-05  4.699936e-05  4.700063e-05  4.700318e-05  4.700379e-05  4.700440e-05  4.700422e-05  4.700425e-05  4.700436e-05  4.700399e-05  4.700339e-05  4.700211e-05  4.700002e-05  4.700170e-05  4.700020e-05  4.699944e-05  4.699827e-05
  4.700249e-05  4.700678e-05  4.700655e-05  4.700223e-05  4.707648e-05  4.704431e-05  4.751993e-05  4.727251e-05  4.954988e-05  3.984255e-02  4.742791e-05  4.733017e-05  4.698696e-05  4.699019e-05  4.700134e-05  4.700465e-05  4.699914e-05  4.700101e-05  4.700337e-05  4.700362e-05  4.700408e-05  4.700405e-05  4.700449e-05  4.700465e-05  4.700461e-05  4.700372e-05  4.700221e-05  4.699955e-05  4.700193e-05  4.699996e-05  4.700045e-05  4.699810e-05
  4.700197e-05  4.699514e-05  4.699834e-05  4.699886e-05  4.703171e-05  4.702080e-05  4.712635e-05  4.708246e-05  4.747033e-05  4.742791e-05  5.104458e-02  5.163553e-05  4.703168e-05  4.705173e-05  4.704767e-05  4.704095e-05  4.699712e-05  4.699880e-05  4.700118e-05  4.700088e-05  4.700118e-05  4.700184e-05  4.700161e-05  4.700191e-05  4.700182e-05  4.700139e-05  4.700020e-05  4.699865e-05  4.700033e-05  4.699938e-05  4.699866e-05  4.699927e-05
  4.700030e-05  4.699677e-05  4.699986e-05  4.699882e-05  4.702733e-05  4.702092e-05  4.710836e-05  4.707017e-05  4.750560e-05  4.733017e-05  5.163553e-05  5.071760e-02  4.698877e-05  4.702534e-05  4.704460e-05  4.704206e-05  4.699667e-05  4.699737e-05  4.699944e-05  4.700007e-05  4.700013e-05  4.700099e-05  4.700037e-05  4.700033e-05  4.700013e-05  4.699972e-05  4.699886e-05  4.699828e-05  4.699900e-05  4.699876e-05  4.699877e-05  4.699800e-05
  4.699988e-05  4.699735e-05  4.699848e-05  4.699924e-05  4.699995e-05  4.699878e-05  4.699895e-05  4.699495e-05  4.700511e-05  4.698696e-05  4.703168e-05  4.698877e-05  3.007347e-02  4.726127e-05  4.709857e-05  4.711171e-05  4.699747e-05  4.699799e-05  4.699917e-05  4.699951e-05  4.699989e-05  4.699990e-05  4.699969e-05  4.699971e-05  4.699954e-05  4.699951e-05  4.699947e-05  4.699837e-05  4.699950e-05  4.699909e-05  4.699869e-05  4.699876e-05
  4.699943e-05  4.699521e-05  4.699755e-05  4.699851e-05  4.699918e-05  4.699847e-05  4.699815e-05  4.699590e-05  4.700322e-05  4.699019e-05  4.705173e-05  4.702534e-05  4.726127e-05  3.108981e-02  4.715531e-05  4.715531e-05  4.699702e-05  4.699751e-05  4.699840e-05  4.699890e-05  4.699927e-05  4.699935e-05  4.699926e-05  4.699924e-05  4.699897e-05  4.699884e-05  4.699898e-05  4.699861e-05  4.699900e-05  4.699925e-05  4.699914e-05  4.699831e-05
  4.699874e-05  4.699526e-05  4.699686e-05  4.699780e-05  4.699965e-05  4.699851e-05  4.699978e-05  4.699843e-05  4.701202e-05  4.700134e-05  4.704767e-05  4.704460e-05  4.709857e-05  4.715531e-05  3.571614e-02  4.712023e-05  4.699797e-05  4.699719e-05  4.699776e-05  4.699798e-05  4.699845e-05  4.699918e-05  4.699835e-05  4.699781e-05  4.699744e-05  4.699756e-05  4.699828e-05  4.699700e-05  4.699889e-05  4.699820e-05  4.700075e-05  4.700349e-05
  4.699909e-05  4.699624e-05  4.699762e-05  4.699792e-05  4.699864e-05  4.699798e-05  4.699927e-05  4.699808e-05  4.701287e-05  4.700465e-05  4.704095e-05  4.704206e-05  4.711171e-05  4.715531e-05  4.712023e-05  3.323425e-02  4.699587e-05  4.699679e-05  4.699699e-05  4.699787e-05  4.699821e-05  4.699809e-05  4.699788e-05  4.699815e-05  4.699839e-05  4.699882e-05  4.699825e-05  4.699904e-05  4.699834e-05  4.699982e-05  4.699670e-05  4.699656e-05
  4.699192e-05  4.700126e-05  4.700134e-05  4.700070e-05  4.699884e-05  4.700146e-05  4.699945e-05  4.699909e-05  4.699936e-05  4.699914e-05  4.699712e-05  4.699667e-05  4.699747e-05  4.699702e-05  4.699797e-05  4.699587e-05  3.752713e-02  4.993880e-05  4.713031e-05  4.710775e-05  4.700180e-05  4.699867e-05  4.699783e-05  4.699804e-05  4.699900e-05  4.699846e-05  4.699845e-05  4.699673e-05  4.699929e-05  4.699839e-05  4.699824e-05  4.699730e-05
  4.700043e-05  4.699894e-05  4.700194e-05  4.700120e-05  4.700118e-05  4.700168e-05  4.700121e-05  4.700099e-05  4.700063e-05  4.700101e-05  4.699880e-05  4.699737e-05  4.699799e-05  4.699751e-05  4.699719e-05  4.699679e-05  4.993880e-05  3.978371e-02  4.723440e-05  4.721626e-05  4.700553e-05  4.699791e-05  4.699780e-05  4.699696e-05  4.700087e-05  4.700071e-05  4.700009e-05  4.699886e-05  4.699960e-05  4.699840e-05  4.699737e-05  4.699789e-05
  4.700177e-05  4.700153e-05  4.700462e-05  4.700458e-05  4.700432e-05  4.700465e-05  4.700411e-05  4.700425e-05  4.700318e-05  4.700337e-05  4.700118e-05  4.699944e-05  4.699917e-05  4.699840e-05  4.699776e-05  4.699699e-05  4.713031e-05  4.723440e-05  4.073325e-02  5.024567e-05  4.711330e-05  4.703987e-05  4.699948e-05  4.698745e-05  4.700110e-05  4.699599e-05  4.699814e-05  4.699111e-05  4.700272e-05  4.700091e-05  4.699867e-05  4.699905e-05
  4.700172e-05  4.700061e-05  4.700347e-05  4.700481e-05  4.700446e-05  4.700410e-05  4.700429e-05  4.700428e-05  4.700379e-05  4.700362e-05  4.700088e-05  4.700007e-05  4.699951e-05  4.699890e-05  4.699798e-05  4.699787e-05  4.710775e-05  4.721626e-05  5.024567e-05  4.209945e-02  4.715878e-05  4.707585e-05  4.699525e-05  4.699000e-05  4.700487e-05  4.700404e-05  4.700499e-05  4.700156e-05  4.700059e-05  4.700030e-05  4.699967e-05  4.699954e-05
  4.700295e-05  4.700047e-05  4.700395e-05  4.700548e-05  4.700537e-05  4.700464e-05  4.700492e-05  4.700494e-05  4.700440e-05  4.700408e-05  4.700118e-05  4.700013e-05  4.699989e-05  4.699927e-05  4.699845e-05  4.699821e-05  4.700180e-05  4.700553e-05  4.711330e-05  4.715878e-05  3.971251e-02  4.976814e-05  4.713733e-05  4.706014e-05  4.701433e-05  4.700707e-05  4.700703e-05  4.700146e-05  4.700192e-05  4.700177e-05  4.700059e-05  4.699961e-05
  4.700175e-05  4.700145e-05  4.700465e-05  4.700504e-05  4.700630e-05  4.700487e-05  4.700497e-05  4.700546e-05  4.700422e-05  4.700405e-05  4.700184e-05  4.700099e-05  4.699990e-05  4.699935e-05  4.699918e-05  4.699809e-05  4.699867e-05  4.699791e-05  4.703987e-05  4.707585e-05  4.976814e-05  3.933626e-02  4.719540e-05  4.713317e-05  4.702674e-05  4.701395e-05  4.700936e-05  4.699906e-05  4.700233e-05  4.700275e-05  4.700116e-05  4.700071e-05
  4.700242e-05  4.700120e-05  4.700478e-05  4.700509e-05  4.700562e-05  4.700508e-05  4.700487e-05  4.700499e-05  4.700425e-05  4.700449e-05  4.700161e-05  4.700037e-05  4.699969e-05  4.699926e-05  4.699835e-05  4.699788e-05  4.699783e-05  4.699780e-05  4.699948e-05  4.699525e-05  4.713733e-05  4.719540e-05  3.331613e-02  4.924801e-05  4.718499e-05  4.708679e-05  4.702267e-05  4.701521e-05  4.699770e-05  4.699785e-05  4.699894e-05  4.699716e-05
  4.700317e-05  4.700089e-05  4.700469e-05  4.700507e-05  4.700533e-05  4.700515e-05  4.700482e-05  4.700486e-05  4.700436e-05  4.700465e-05  4.700191e-05  4.700033e-05  4.699971e-05  4.699924e-05  4.699781e-05  4.699815e-05  4.699804e-05  4.699696e-05  4.698745e-05  4.699000e-05  4.706014e-05  4.713317e-05  4.924801e-05  3.305916e-02  4.730344e-05  4.714160e-05  4.703338e-05  4.702254e-05  4.699426e-05  4.699824e-05  4.699947e-05  4.699966e-05
  4.700158e-05  4.700046e-05  4.700421e-05  4.700438e-05  4.700490e-05  4.700477e-05  4.700427e-05  4.700431e-05  4.700399e-05  4.700461e-05  4.700182e-05  4.700013e-05  4.699954e-05  4.699897e-05  4.699744e-05  4.699839e-05  4.699900e-05  4.700087e-05  4.700110e-05  4.700487e-05  4.701433e-05  4.702674e-05  4.718499e-05  4.730344e-05  3.873865e-02  4.955988e-05  4.758135e-05  4.742417e-05  4.699543e-05  4.699527e-05  4.700224e-05  4.699453e-05
  4.700134e-05  4.700072e-05  4.700408e-05  4.700413e-05  4.700427e-05  4.700435e-05  4.700402e-05  4.700407e-05  4.700339e-05  4.700372e-05  4.700139e-05  4.699972e-05  4.699951e-05  4.699884e-05  4.699756e-05  4.699882e-05  4.699846e-05  4.700071e-05  4.699599e-05  4.700404e-05  4.700707e-05  4.701395e-05  4.708679e-05  4.714160e-05  4.955988e-05  3.897978e-02  4.776767e-05  4.768891e-05  4.704076e-05  4.701218e-05  4.701559e-05  4.701037e-05
  4.700135e-05  4.699963e-05  4.700229e-05  4.700214e-05  4.700238e-05  4.700241e-05  4.700234e-05  4.700210e-05  4.700211e-05  4.700221e-05  4.700020e-05  4.699886e-05  4.699947e-05  4.699898e-05  4.699828e-05  4.699825e-05  4.699845e-05  4.700009e-05  4.699814e-05  4.700499e-05  4.700703e-05  4.700936e-05  4.702267e-05  4.703338e-05  4.758135e-05  4.776767e-05  5.120427e-02  5.163904e-05  4.702748e-05  4.703673e-05  4.703822e-05  4.703779e-05
  4.700057e-05  4.699769e-05  4.700006e-05  4.700040e-05  4.700036e-05  4.700035e-05  4.700033e-05  4.700007e-05  4.700002e-05  4.699955e-05  4.699865e-05  4.699828e-05  4.699837e-05  4.699861e-05  4.699700e-05  4.699904e-05  4.699673e-05  4.699886e-05  4.699111e-05  4.700156e-05  4.700146e-05  4.699906e-05  4.701521e-05  4.702254e-05  4.742417e-05  4.768891e-05  5.163904e-05  5.098611e-02  4.699414e-05  4.700589e-05  4.704178e-05  4.703595e-05
  4.700132e-05  4.699979e-05  4.700210e-05  4.700210e-05  4.700237e-05  4.700220e-05  4.700215e-05  4.700217e-05  4.700170e-05  4.700193e-05  4.700033e-05  4.699900e-05  4.699950e-05  4.699900e-05  4.699889e-05  4.699834e-05  4.699929e-05  4.699960e-05  4.700272e-05  4.700059e-05  4.700192e-05  4.700233e-05  4.699770e-05  4.699426e-05  4.699543e-05  4.704076e-05  4.702748e-05  4.699414e-05  3.109979e-02  4.727820e-05  4.712737e-05  4.711003e-05
  4.700037e-05  4.699827e-05  4.700049e-05  4.700046e-05  4.700076e-05  4.700065e-05  4.700053e-05  4.700053e-05  4.700020e-05  4.699996e-05  4.699938e-05  4.699876e-05  4.699909e-05  4.699925e-05  4.699820e-05  4.699982e-05  4.699839e-05  4.699840e-05  4.700091e-05  4.700030e-05  4.700177e-05  4.700275e-05  4.699785e-05  4.699824e-05  4.699527e-05  4.701218e-05  4.703673e-05  4.700589e-05  4.727820e-05  3.059892e-02  4.715579e-05  4.716184e-05
  4.699942e-05  4.699701e-05  4.699871e-05  4.699907e-05  4.699919e-05  4.699933e-05  4.699966e-05  4.699923e-05  4.699944e-05  4.700045e-05  4.699866e-05  4.699877e-05  4.699869e-05  4.699914e-05  4.700075e-05  4.699670e-05  4.699824e-05  4.699737e-05  4.699867e-05  4.699967e-05  4.700059e-05  4.700116e-05  4.699894e-05  4.699947e-05  4.700224e-05  4.701559e-05  4.703822e-05  4.704178e-05  4.712737e-05  4.715579e-05  3.228851e-02  4.711405e-05
  4.700110e-05  4.699687e-05  4.699832e-05  4.699846e-05  4.699948e-05  4.699877e-05  4.699859e-05  4.699921e-05  4.699827e-05  4.699810e-05  4.699927e-05  4.699800e-05  4.699876e-05  4.699831e-05  4.700349e-05  4.699656e-05  4.699730e-05  4.699789e-05  4.699905e-05  4.699954e-05  4.699961e-05  4.700071e-05  4.699716e-05  4.699966e-05  4.699453e-05  4.701037e-05  4.703779e-05  4.703595e-05  4.711003e-05  4.716184e-05  4.711405e-05  3.549815e-02
E_FREQ

B_FREQ 1.258925e+00
  3.777034e-02  5.047881e-05  4.712833e-05  4.717187e-05  4.701344e-05  4.701916e-05  4.700356e-05  4.700454e-05  4.700306e-05  4.700445e-05  4.700387e-05  4.700199e-05  4.700153e-05  4.700101e-05  4.700025e-05  4.700063e-05  4.699259e-05  4.700214e-05  4.700364e-05  4.700358e-05  4.700496e-05  4.700362e-05  4.700437e-05  4.700522e-05  4.700342e-05  4.700316e-05  4.700317e-05  4.700230e-05  4.700314e-05  4.700207e-05  4.700101e-05  4.700289e-05
  5.047881e-05  4.007682e-02  4.726922e-05  4.721756e-05  4.702049e-05  4.703358e-05  4.700559e-05  4.700708e-05  4.700376e-05  4.700926e-05  4.699621e-05  4.699803e-05  4.699869e-05  4.699628e-05  4.699633e-05  4.699743e-05  4.700306e-05  4.700047e-05  4.700337e-05  4.700234e-05  4.700218e-05  4.700329e-05  4.700300e-05  4.700265e-05  4.700217e-05  4.700246e-05  4.700124e-05  4.699907e-05  4.700142e-05  4.699971e-05  4.699830e-05  4.699814e-05
  4.712833e-05  4.726922e-05  4.226207e-02  5.064326e-05  4.725507e-05  4.738500e-05  4.699026e-05  4.700213e-05  4.700512e-05  4.700901e-05  4.699979e-05  4.700150e-05  4.699994e-05  4.699891e-05  4.699813e-05  4.699899e-05  4.700316e-05  4.700383e-05  4.700684e-05  4.700555e-05  4.700609e-05  4.700688e-05  4.700702e-05  4.700692e-05  4.700638e-05  4.700623e-05  4.700423e-05  4.700173e-05  4.700401e-05  4.700221e-05  4.700020e-05  4.699977e-05
  4.717187e-05  4.721756e-05  5.064326e-05  4.028631e-02  4.712061e-05  4.724954e-05  4.698732e-05  4.699283e-05  4.700305e-05  4.700416e-05  4.700038e-05  4.700033e-05  4.700081e-05  4.699999e-05  4.699919e-05  4.699933e-05  4.700244e-05  4.700301e-05  4.700680e-05  4.700706e-05  4.700780e-05  4.700731e-05  4.700736e-05  4.700735e-05  4.700658e-05  4.700629e-05  4.700406e-05  4.700211e-05  4.700401e-05  4.700217e-05  4.700062e-05  4.699993e-05
  4.701344e-05  4.702049e-05  4.725507e-05  4.712061e-05  3.596723e-02  4.963623e-05  4.708762e-05  4.715002e-05  4.704617e-05  4.708746e-05  4.703724e-05  4.703232e-05  4.700160e-05  4.700073e-05  4.700126e-05  4.700013e-05  4.700036e-05  4.700298e-05  4.700650e-05  4.700666e-05  4.700768e-05  4.700872e-05  4.700796e-05  4.700764e-05  4.700715e-05  4.700645e-05  4.700432e-05  4.700206e-05  4.700431e-05  4.700251e-05  4.700075e-05  4.700107e-05
  4.701916e-05  4.703358e-05  4.738500e-05  4.724954e-05  4.963623e-05  3.668739e-02  4.700445e-05  4.705860e-05  4.702278e-05  4.705137e-05  4.702499e-05  4.702512e-05  4.700029e-05  4.699994e-05  4.699999e-05  4.699939e-05  4.700330e-05  4.700354e-05  4.700687e-05  4.700625e-05  4.700686e-05  4.700712e-05  4.700736e-05  4.700743e-05  4.700701e-05  4.700654e-05  4.700436e-05  4.700204e-05  4.700412e-05  4.700238e-05  4.700090e-05  4.700028e-05
  4.700356e-05  4.700559e-05  4.699026e-05  4.698732e-05  4.708762e-05  4.700445e-05  3.281677e-02  4.919050e-05  4.728590e-05  4.758503e-05  4.714342e-05  4.712323e-05  4.700048e-05  4.699958e-05  4.700141e-05  4.700084e-05  4.700103e-05  4.700302e-05  4.700627e-05  4.700647e-05  4.700717e-05  4.700724e-05  4.700712e-05  4.700707e-05  4.700645e-05  4.700616e-05  4.700428e-05  4.700202e-05  4.700406e-05  4.700225e-05  4.700127e-05  4.700008e-05
  4.700454e-05  4.700708e-05  4.700213e-05  4.699283e-05  4.715002e-05  4.705860e-05  4.919050e-05  3.332408e-02  4.714116e-05  4.730742e-05  4.709417e-05  4.708038e-05  4.699599e-05  4.699706e-05  4.699989e-05  4.699950e-05  4.700063e-05  4.700276e-05  4.700643e-05  4.700645e-05  4.700720e-05  4.700778e-05  4.700726e-05  4.700711e-05  4.700650e-05  4.700623e-05  4.700401e-05  4.700173e-05  4.700409e-05  4.700225e-05  4.700079e-05  4.700077e-05
  4.700306e-05  4.700376e-05  4.700512e-05  4.700305e-05  4.704617e-05  4.702278e-05  4.728590e-05  4.714116e-05  4.039738e-02  4.986267e-05  4.752937e-05  4.756895e-05  4.700739e-05  4.700527e-05  4.701515e-05  4.701610e-05  4.700093e-05  4.700236e-05  4.700523e-05  4.700591e-05  4.700659e-05  4.700639e-05  4.700643e-05  4.700655e-05  4.700614e-05  4.700546e-05  4.700402e-05  4.700168e-05  4.700356e-05  4.700188e-05  4.700103e-05  4.699971e-05
  4.700445e-05  4.700926e-05  4.700901e-05  4.700416e-05  4.708746e-05  4.705137e-05  4.758503e-05  4.730742e-05  4.986267e-05  3.984407e-02  4.748178e-05  4.737212e-05  4.698702e-05  4.699065e-05  4.700315e-05  4.700687e-05  4.700069e-05  4.700279e-05  4.700544e-05  4.700571e-05  4.700623e-05  4.700620e-05  4.700669e-05  4.700687e-05  4.700682e-05  4.700583e-05  4.700414e-05  4.700116e-05  4.700382e-05  4.700161e-05  4.700216e-05  4.699952e-05
  4.700387e-05  4.699621e-05  4.699979e-05  4.700038e-05  4.703724e-05  4.702499e-05  4.714342e-05  4.709417e-05  4.752937e-05  4.748178e-05  5.104668e-02  5.220280e-05  4.703720e-05  4.705970e-05  4.705514e-05  4.704760e-05  4.699843e-05  4.700030e-05  4.700298e-05  4.700264e-05  4.700298e-05  4.700373e-05  4.700346e-05  4.700380e-05  4.700370e-05  4.700322e-05  4.700188e-05  4.700015e-05  4.700203e-05  4.700097e-05  4.700015e-05  4.700083e-05
  4.700199e-05  4.699803e-05  4.700150e-05  4.700033e-05  4.703232e-05  4.702512e-05  4.712323e-05  4.708038e-05  4.756895e-05  4.737212e-05  5.220280e-05  5.071973e-02  4.698906e-05  4.703008e-05  4.705170e-05  4.704885e-05  4.699792e-05  4.699871e-05  4.700103e-05  4.700174e-05  4.700180e-05  4.700277e-05  4.700207e-05  4.700203e-05  4.700180e-05  4.700134e-05  4.700038e-05  4.699973e-05  4.700054e-05  4.700027e-05  4.700027e-05  4.699941e-05
  4.700153e-05  4.699869e-05  4.699994e-05  4.700081e-05  4.700160e-05  4.700029e-05  4.700048e-05  4.699599e-05  4.700739e-05  4.698702e-05  4.703720e-05  4.698906e-05  3.007443e-02  4.729480e-05  4.711225e-05  4.712700e-05  4.699882e-05  4.699940e-05  4.700073e-05  4.700111e-05  4.700153e-05  4.700154e-05  4.700131e-05  4.700134e-05  4.700114e-05  4.700111e-05  4.700106e-05  4.699983e-05  4.700109e-05  4.700063e-05  4.700019e-05  4.700026e-05
  4.700101e-05  4.699628e-05  4.699891e-05  4.699999e-05  4.700073e-05  4.699994e-05  4.699958e-05  4.699706e-05  4.700527e-05  4.699065e-05  4.705970e-05  4.703008e-05  4.729480e-05  3.109079e-02  4.717592e-05  4.717592e-05  4.699831e-05  4.699886e-05  4.699986e-05  4.700042e-05  4.700084e-05  4.700093e-05  4.700082e-05  4.700080e-05  4.700050e-05  4.700036e-05  4.700051e-05  4.700010e-05  4.700053e-05  4.700081e-05  4.700069e-05  4.699976e-05
  4.700025e-05  4.699633e-05  4.699813e-05  4.699919e-05  4.700126e-05  4.699999e-05  4.700141e-05  4.699989e-05  4.701515e-05  4.700315e-05  4.705514e-05  4.705170e-05  4.711225e-05  4.717592e-05  3.571724e-02  4.713656e-05  4.699938e-05  4.699851e-05  4.699914e-05  4.699939e-05  4.699991e-05  4.700073e-05  4.699980e-05  4.699920e-05  4.699878e-05  4.699892e-05  4.699972e-05  4.699829e-05  4.700040e-05  4.699963e-05  4.700249e-05  4.700557e-05
  4.700063e-05  4.699743e-05  4.699899e-05  4.699933e-05  4.700013e-05  4.699939e-05  4.700084e-05  4.699950e-05  4.701610e-05  4.700687e-05  4.704760e-05  4.704885e-05  4.712700e-05  4.717592e-05  4.713656e-05  3.323530e-02  4.699702e-05  4.699806e-05  4.699828e-05  4.699927e-05  4.699965e-05  4.699951e-05  4.699928e-05  4.699958e-05  4.699985e-05  4.700033e-05  4.699970e-05  4.700057e-05  4.699980e-05  4.700145e-05  4.699796e-05  4.699780e-05
  4.699259e-05  4.700306e-05  4.700316e-05  4.700244e-05  4.700036e-05  4.700330e-05  4.700103e-05  4.700063e-05  4.700093e-05  4.700069e-05  4.699843e-05  4.699792e-05  4.699882e-05  4.699831e-05  4.699938e-05  4.699702e-05  3.752862e-02  5.029905e-05  4.714787e-05  4.712256e-05  4.700368e-05  4.700016e-05  4.699922e-05  4.699946e-05  4.700053e-05  4.699993e-05  4.699992e-05  4.699798e-05  4.700085e-05  4.699985e-05  4.699968e-05  4.699862e-05
  4.700214e-05  4.700047e-05  4.700383e-05  4.700301e-05  4.700298e-05  4.700354e-05  4.700302e-05  4.700276e-05  4.700236e-05  4.700279e-05  4.700030e-05  4.699871e-05  4.699940e-05  4.699886e-05  4.699851e-05  4.699806e-05  5.029905e-05  3.978531e-02  4.726465e-05  4.724431e-05  4.700786e-05  4.699931e-05  4.699919e-05  4.699825e-05  4.700263e-05  4.700245e-05  4.700176e-05  4.700037e-05  4.700121e-05  4.699986e-05  4.699870e-05  4.699929e-05
  4.700364e-05  4.700337e-05  4.700684e-05  4.700680e-05  4.700650e-05  4.700687e-05  4.700627e-05  4.700643e-05  4.700523e-05  4.700544e-05  4.700298e-05  4.700103e-05  4.700073e-05  4.699986e-05  4.699914e-05  4.699828e-05  4.714787e-05  4.726465e-05  4.073488e-02  5.064336e-05  4.712878e-05  4.704639e-05  4.700107e-05  4.698757e-05  4.700289e-05  4.699716e-05  4.699957e-05  4.699168e-05  4.700471e-05  4.700268e-05  4.700016e-05  4.700059e-05
  4.700358e-05  4.700234e-05  4.700555e-05  4.700706e-05  4.700666e-05  4.700625e-05  4.700647e-05  4.700645e-05  4.700591e-05  4.700571e-05  4.700264e-05  4.700174e-05  4.700111e-05  4.700042e-05  4.699939e-05  4.699927e-05  4.712256e-05  4.724431e-05  5.064336e-05  4.210116e-02  4.717981e-05  4.708677e-05  4.699632e-05  4.699043e-05  4.700713e-05  4.700619e-05  4.700725e-05  4.700341e-05  4.700232e-05  4.700199e-05  4.700129e-05  4.700113e-05
  4.700496e-05  4.700218e-05  4.700609e-05  4.700780e-05  4.700768e-05  4.700686e-05  4.700717e-05  4.700720e-05  4.700659e-05  4.700623e-05  4.700298e-05  4.700180e-05  4.700153e-05  4.700084e-05  4.699991e-05  4.699965e-05  4.700368e-05  4.700786e-05  4.712878e-05  4.717981e-05  3.971406e-02  5.010756e-05  4.715575e-05  4.706913e-05  4.701774e-05  4.700958e-05  4.700954e-05  4.700329e-05  4.700381e-05  4.700364e-05  4.700232e-05  4.700122e-05
  4.700362e-05  4.700329e-05  4.700688e-05  4.700731e-05  4.700872e-05  4.700712e-05  4.700724e-05  4.700778e-05  4.700639e-05  4.700620e-05  4.700373e-05  4.700277e-05  4.700154e-05  4.700093e-05  4.700073e-05  4.699951e-05  4.700016e-05  4.699931e-05  4.704639e-05  4.708677e-05  5.010756e-05  3.933780e-02  4.722090e-05  4.715107e-05  4.703166e-05  4.701731e-05  4.701215e-05  4.700060e-05  4.700427e-05  4.700474e-05  4.700295e-05  4.700245e-05
  4.700437e-05  4.700300e-05  4.700702e-05  4.700736e-05  4.700796e-05  4.700736e-05  4.700712e-05  4.700726e-05  4.700643e-05  4.700669e-05  4.700346e-05  4.700207e-05  4.700131e-05  4.700082e-05  4.699980e-05  4.699928e-05  4.699922e-05  4.699919e-05  4.700107e-05  4.699632e-05  4.715575e-05  4.722090e-05  3.331746e-02  4.952396e-05  4.720922e-05  4.709904e-05  4.702710e-05  4.701872e-05  4.699908e-05  4.699925e-05  4.700046e-05  4.699847e-05
  4.700522e-05  4.700265e-05  4.700692e-05  4.700735e-05  4.700764e-05  4.700743e-05  4.700707e-05  4.700711e-05  4.700655e-05  4.700687e-05  4.700380e-05  4.700203e-05  4.700134e-05  4.700080e-05  4.699920e-05  4.699958e-05  4.699946e-05  4.699825e-05  4.698757e-05  4.699043e-05  4.706913e-05  4.715107e-05  4.952396e-05  3.306043e-02  4.734212e-05  4.716053e-05  4.703910e-05  4.702694e-05  4.699521e-05  4.699968e-05  4.700106e-05  4.700127e-05
