B_PARAMS
 CapMat 32
  Net0:BGA_RXDATA0+_Group 4.2458580000000001e-13 -7.9434660000000002e-14 -9.1518650000000003e-17 -7.2032670000000001e-16 -1.3072479999999999e-18 -2.9103169999999997e-17 -6.4720470000000001e-20 -8.0966300000000004e-20 -6.1418250000000002e-20 -7.6017169999999999e-20 -7.0032760000000005e-20 -5.5581490000000000e-20 -4.9654480000000002e-20 -5.0822069999999997e-20 -5.4733360000000004e-20 -5.2712759999999998e-20 -3.2436039999999998e-20 -6.3263190000000003e-20 -5.4476549999999995e-20 -6.2806329999999997e-20 -6.0777280000000003e-20 -5.6577070000000004e-20 -5.4911690000000001e-20 -5.2401069999999999e-20 -5.5419060000000000e-20 -5.5362080000000000e-20 -7.0904039999999998e-20 -6.4879659999999995e-20 -4.7283109999999999e-20 -5.0587170000000001e-20 -5.1689119999999998e-20 -5.4392209999999998e-20
  Net1:BGA_RXDATA0-_Group -7.9434660000000002e-14 4.3599940000000002e-13 -5.4339429999999996e-16 -1.8060420000000001e-15 -2.5636569999999999e-18 -3.0923410000000001e-18 -1.6087139999999999e-19 -2.8636020000000001e-19 -9.9671240000000004e-20 -2.2057540000000000e-19 -1.4411020000000001e-19 -8.0834519999999999e-20 -5.1710389999999997e-20 -5.2238210000000001e-20 -5.2793090000000003e-20 -5.2645249999999998e-20 -7.0815040000000005e-20 -5.8658639999999999e-20 -5.7357680000000005e-20 -6.2223540000000000e-20 -5.1191189999999997e-20 -5.2315029999999997e-20 -5.6206459999999998e-20 -5.8412779999999998e-20 -5.1815610000000002e-20 -5.8821949999999997e-20 -7.1828410000000005e-20 -6.8732789999999997e-20 -5.5898759999999994e-20 -4.4996680000000000e-20 -4.5585239999999998e-20 -5.0757349999999997e-20
  Net2:BGA_RXDATA1+_Group -9.1518650000000003e-17 -5.4339429999999996e-16 4.5365119999999998e-13 -9.0439199999999996e-14 -3.9043660000000001e-16 -9.3344320000000005e-16 -3.3627829999999999e-19 -6.4476939999999996e-19 -1.6462560000000000e-19 -4.5777420000000002e-19 -2.5294720000000000e-19 -9.4542069999999996e-20 -6.0856209999999998e-20 -6.3236390000000000e-20 -6.0568590000000005e-20 -5.7840620000000005e-20 -5.9912979999999996e-20 -5.7749469999999996e-20 -7.0680820000000002e-20 -6.6010550000000004e-20 -6.5651340000000001e-20 -6.2860940000000005e-20 -6.0202989999999997e-20 -5.8571629999999997e-20 -6.5044340000000004e-20 -6.1839769999999995e-20 -7.7003840000000000e-20 -7.3299910000000005e-20 -5.6072019999999995e-20 -5.1004900000000000e-20 -5.5282949999999998e-20 -5.5328739999999998e-20
  Net3:BGA_RXDATA1-_Group -7.2032670000000001e-16 -1.8060420000000001e-15 -9.0439199999999996e-14 4.1974780000000000e-13 -2.1914160000000000e-16 -7.4358909999999998e-16 -1.9002450000000000e-19 -3.4978439999999999e-19 -1.0739800000000000e-19 -2.5643760000000001e-19 -1.6043550000000001e-19 -7.6439359999999998e-20 -5.1560520000000001e-20 -5.2865329999999998e-20 -5.4892780000000004e-20 -5.0158310000000000e-20 -5.6924690000000004e-20 -4.8774949999999998e-20 -5.4018690000000002e-20 -5.7413089999999997e-20 -5.3710270000000002e-20 -5.6487760000000003e-20 -5.5089449999999996e-20 -4.8100979999999998e-20 -5.2628710000000000e-20 -5.4790170000000006e-20 -6.7859499999999998e-20 -6.3376240000000005e-20 -5.3421279999999998e-20 -4.7062480000000000e-20 -4.9100099999999997e-20 -5.0494290000000000e-20
  Net4:BGA_RXDATA2+_Group -1.3072479999999999e-18 -2.5636569999999999e-18 -3.9043660000000001e-16 -2.1914160000000000e-16 4.0977019999999999e-13 -8.2270069999999999e-14 -4.2789059999999998e-16 -7.0109990000000001e-16 -4.2302110000000001e-17 -1.0399000000000000e-16 -6.3660649999999997e-18 -5.2525000000000004e-18 -6.0563700000000002e-20 -6.3118959999999999e-20 -5.9501569999999996e-20 -5.3249589999999998e-20 -5.8508469999999996e-20 -4.9403469999999999e-20 -5.8413560000000004e-20 -5.8728790000000005e-20 -5.6380249999999995e-20 -5.1608409999999998e-20 -5.2987500000000002e-20 -4.8475060000000000e-20 -5.2078249999999998e-20 -5.4503899999999997e-20 -6.7934250000000002e-20 -6.4345369999999997e-20 -4.8507790000000000e-20 -4.3311660000000002e-20 -4.8796360000000002e-20 -4.9475739999999999e-20
  Net5:BGA_RXDATA2-_Group -2.9103169999999997e-17 -3.0923410000000001e-18 -9.3344320000000005e-16 -7.4358909999999998e-16 -8.2270069999999999e-14 3.8793780000000000e-13 -2.7833290000000000e-16 -4.5297560000000002e-16 -3.7748200000000001e-17 -7.6321649999999999e-17 -7.0660499999999995e-18 -5.8828990000000002e-18 -5.0880399999999999e-20 -5.2093110000000001e-20 -5.2465529999999999e-20 -4.8176580000000001e-20 -5.2597100000000001e-20 -4.5789959999999998e-20 -5.5350659999999994e-20 -5.4201650000000002e-20 -5.4754260000000003e-20 -5.3960159999999998e-20 -5.3461259999999997e-20 -4.4424349999999997e-20 -5.0540439999999999e-20 -5.2789950000000000e-20 -6.4359660000000004e-20 -6.0856960000000005e-20 -5.0526950000000001e-20 -4.3664940000000003e-20 -4.7173110000000002e-20 -4.7195350000000002e-20
  Net6:BGA_RXDATA3+_Group -6.4720470000000001e-20 -1.6087139999999999e-19 -3.3627829999999999e-19 -1.9002450000000000e-19 -4.2789059999999998e-16 -2.7833290000000000e-16 3.7095739999999998e-13 -7.3233320000000003e-14 -2.6275050000000001e-15 -1.0462400000000001e-14 -1.0343860000000000e-16 -6.6604269999999995e-17 -5.6227059999999997e-20 -7.7979240000000001e-20 -7.2020600000000006e-20 -4.9097099999999999e-20 -4.8460359999999999e-20 -4.9166210000000000e-20 -5.0464409999999998e-20 -5.0940440000000000e-20 -5.3631420000000002e-20 -4.8315200000000000e-20 -4.5542120000000002e-20 -4.2475360000000000e-20 -5.0007500000000003e-20 -4.6692400000000002e-20 -5.9967320000000002e-20 -5.5755449999999994e-20 -4.6485860000000002e-20 -3.9982400000000003e-20 -4.3941360000000001e-20 -4.3988959999999999e-20
  Net7:BGA_RXDATA3-_Group -8.0966300000000004e-20 -2.8636020000000001e-19 -6.4476939999999996e-19 -3.4978439999999999e-19 -7.0109990000000001e-16 -4.5297560000000002e-16 -7.3233320000000003e-14 3.7211680000000000e-13 -1.1119110000000000e-15 -2.8541489999999998e-15 -6.5371549999999995e-17 -4.5686590000000000e-17 -4.6338120000000002e-20 -5.0215919999999999e-20 -5.1321559999999998e-20 -4.6698369999999999e-20 -5.1420459999999998e-20 -4.6665219999999997e-20 -5.2556220000000001e-20 -5.3002850000000000e-20 -5.1170120000000000e-20 -4.9240940000000000e-20 -5.0008310000000001e-20 -4.2947239999999998e-20 -4.8117539999999999e-20 -4.9133209999999998e-20 -6.1508520000000002e-20 -5.7788110000000001e-20 -3.9203980000000001e-20 -4.3958789999999998e-20 -4.4259330000000000e-20 -4.5115319999999998e-20
  Net8:BGA_RXDATA4+_Group -6.1418250000000002e-20 -9.9671240000000004e-20 -1.6462560000000000e-19 -1.0739800000000000e-19 -4.2302110000000001e-17 -3.7748200000000001e-17 -2.6275050000000001e-15 -1.1119110000000000e-15 4.2354810000000001e-13 -8.9324300000000000e-14 -1.4293740000000001e-15 -7.5389009999999999e-16 -3.8014850000000002e-19 -2.9182940000000002e-19 -1.7865400000000001e-19 -1.0588730000000000e-19 -5.8234949999999998e-20 -5.4530700000000000e-20 -5.8773650000000005e-20 -5.9195769999999999e-20 -5.7864579999999994e-20 -5.5393370000000002e-20 -5.3915379999999999e-20 -5.0096120000000000e-20 -5.5118300000000000e-20 -5.4568979999999995e-20 -6.9246749999999998e-20 -6.4553710000000005e-20 -4.9111599999999998e-20 -4.8495780000000000e-20 -4.9991409999999999e-20 -5.0904569999999998e-20
  Net9:BGA_RXDATA4-_Group -7.6017169999999999e-20 -2.2057540000000000e-19 -4.5777420000000002e-19 -2.5643760000000001e-19 -1.0399000000000000e-16 -7.6321649999999999e-17 -1.0462400000000001e-14 -2.8541489999999998e-15 -8.9324300000000000e-14 4.2462029999999998e-13 -6.6102710000000004e-16 -3.7689220000000000e-16 -2.4492229999999998e-19 -1.9661860000000000e-19 -1.2294419999999999e-19 -8.1289490000000005e-20 -5.6338479999999995e-20 -5.2836980000000003e-20 -5.5680910000000006e-20 -5.7745400000000005e-20 -5.4979729999999996e-20 -5.7488300000000004e-20 -5.2417499999999997e-20 -4.9277220000000003e-20 -5.4081180000000003e-20 -5.3073870000000002e-20 -6.8507029999999999e-20 -6.2553180000000003e-20 -4.6047899999999997e-20 -4.8460600000000001e-20 -4.9313780000000003e-20 -4.9836170000000001e-20
  Net10:BGA_RXDATA5+_Group -7.0032760000000005e-20 -1.4411020000000001e-19 -2.5294720000000000e-19 -1.6043550000000001e-19 -6.3660649999999997e-18 -7.0660499999999995e-18 -1.0343860000000000e-16 -6.5371549999999995e-17 -1.4293740000000001e-15 -6.6102710000000004e-16 5.2169780000000003e-13 -1.1565900000000001e-13 -4.0861360000000002e-19 -7.9076160000000001e-19 -4.4310460000000002e-19 -2.1218580000000000e-19 -7.3420990000000001e-20 -6.6990030000000003e-20 -7.2121289999999995e-20 -7.5566910000000002e-20 -7.3403940000000005e-20 -6.9590539999999997e-20 -6.6516740000000005e-20 -6.1946330000000000e-20 -6.7399200000000002e-20 -6.7688259999999999e-20 -8.6240360000000003e-20 -7.9315820000000004e-20 -5.9986129999999994e-20 -5.9791210000000003e-20 -6.1161580000000004e-20 -6.4671079999999996e-20
  Net11:BGA_RXDATA5-_Group -5.5581490000000000e-20 -8.0834519999999999e-20 -9.4542069999999996e-20 -7.6439359999999998e-20 -5.2525000000000004e-18 -5.8828990000000002e-18 -6.6604269999999995e-17 -4.5686590000000000e-17 -7.5389009999999999e-16 -3.7689220000000000e-16 -1.1565900000000001e-13 5.2029239999999997e-13 -7.8269340000000005e-19 -1.2290250000000001e-18 -7.3994130000000001e-19 -3.7421280000000000e-19 -6.7346780000000006e-20 -6.1417150000000005e-20 -6.6624039999999998e-20 -6.9501859999999996e-20 -6.7826729999999998e-20 -6.5558830000000000e-20 -6.2751670000000000e-20 -5.7836759999999995e-20 -6.1855640000000005e-20 -6.3938540000000004e-20 -7.9918330000000003e-20 -7.5648469999999995e-20 -5.6132510000000003e-20 -5.6070509999999998e-20 -5.6996860000000000e-20 -5.7713210000000003e-20
  Net12:BGA_RXDATA6+_Group -4.9654480000000002e-20 -5.1710389999999997e-20 -6.0856209999999998e-20 -5.1560520000000001e-20 -6.0563700000000002e-20 -5.0880399999999999e-20 -5.6227059999999997e-20 -4.6338120000000002e-20 -3.8014850000000002e-19 -2.4492229999999998e-19 -4.0861360000000002e-19 -7.8269340000000005e-19 2.7940539999999999e-13 -1.0448900000000000e-18 -3.6057070000000000e-19 -2.9301660000000001e-19 -4.9573540000000001e-20 -4.5434390000000000e-20 -4.8993139999999999e-20 -5.0024439999999999e-20 -4.8925779999999999e-20 -4.7767459999999999e-20 -4.5402459999999997e-20 -4.2044310000000000e-20 -4.5712320000000002e-20 -4.6092810000000000e-20 -5.8553909999999994e-20 -5.4603210000000003e-20 -4.0634059999999998e-20 -4.0875309999999999e-20 -4.1530759999999999e-20 -4.3163599999999998e-20
  Net13:BGA_RXDATA6-_Group -5.0822069999999997e-20 -5.2238210000000001e-20 -6.3236390000000000e-20 -5.2865329999999998e-20 -6.3118959999999999e-20 -5.2093110000000001e-20 -7.7979240000000001e-20 -5.0215919999999999e-20 -2.9182940000000002e-19 -1.9661860000000000e-19 -7.9076160000000001e-19 -1.2290250000000001e-18 -1.0448900000000000e-18 2.8299100000000001e-13 -6.0734730000000000e-19 -4.0881039999999999e-19 -5.0305450000000000e-20 -4.6106430000000001e-20 -4.9833240000000002e-20 -5.0667690000000000e-20 -4.9681600000000003e-20 -4.8645130000000003e-20 -4.6127960000000000e-20 -4.2877199999999998e-20 -4.6393959999999997e-20 -4.6780690000000000e-20 -5.9321150000000004e-20 -5.5607440000000004e-20 -4.1359209999999998e-20 -4.1525549999999999e-20 -4.2286390000000002e-20 -4.3596560000000000e-20
  Net14:BGA_RXDATA7+_Group -5.4733360000000004e-20 -5.2793090000000003e-20 -6.0568590000000005e-20 -5.4892780000000004e-20 -5.9501569999999996e-20 -5.2465529999999999e-20 -7.2020600000000006e-20 -5.1321559999999998e-20 -1.7865400000000001e-19 -1.2294419999999999e-19 -4.4310460000000002e-19 -7.3994130000000001e-19 -3.6057070000000000e-19 -6.0734730000000000e-19 3.0204269999999999e-13 -3.3461979999999999e-19 -5.5763489999999995e-20 -4.9433250000000003e-20 -5.6804899999999994e-20 -5.4088540000000002e-20 -5.2736580000000001e-20 -5.2855249999999998e-20 -4.9406280000000002e-20 -4.5809149999999998e-20 -5.0271929999999999e-20 -4.9577949999999999e-20 -6.5026830000000005e-20 -5.8749140000000006e-20 -4.7465509999999998e-20 -4.2201440000000003e-20 -4.6816000000000002e-20 -5.1407470000000002e-20
  Net15:BGA_RXDATA7-_Group -5.2712759999999998e-20 -5.2645249999999998e-20 -5.7840620000000005e-20 -5.0158310000000000e-20 -5.3249589999999998e-20 -4.8176580000000001e-20 -4.9097099999999999e-20 -4.6698369999999999e-20 -1.0588730000000000e-19 -8.1289490000000005e-20 -2.1218580000000000e-19 -3.7421280000000000e-19 -2.9301660000000001e-19 -4.0881039999999999e-19 -3.3461979999999999e-19 2.9224070000000003e-13 -5.1346420000000000e-20 -4.7913749999999999e-20 -5.0414529999999998e-20 -5.2704939999999997e-20 -5.1906910000000000e-20 -4.9505550000000002e-20 -4.8117140000000001e-20 -4.5076470000000001e-20 -4.8089950000000001e-20 -4.8439269999999999e-20 -6.0521630000000001e-20 -5.8009070000000005e-20 -4.2570440000000001e-20 -4.3980520000000000e-20 -4.3068220000000002e-20 -4.4126539999999999e-20
  Net16:BGA_TXDATA0+_Group -3.2436039999999998e-20 -7.0815040000000005e-20 -5.9912979999999996e-20 -5.6924690000000004e-20 -5.8508469999999996e-20 -5.2597100000000001e-20 -4.8460359999999999e-20 -5.1420459999999998e-20 -5.8234949999999998e-20 -5.6338479999999995e-20 -7.3420990000000001e-20 -6.7346780000000006e-20 -4.9573540000000001e-20 -5.0305450000000000e-20 -5.5763489999999995e-20 -5.1346420000000000e-20 4.2229640000000002e-13 -7.9140420000000004e-14 -2.8950330000000002e-16 -5.3715259999999997e-17 -9.1162619999999991e-19 -4.7599549999999999e-19 -8.1823210000000001e-20 -7.0410219999999995e-20 -7.7631940000000005e-20 -6.6981310000000000e-20 -7.2873540000000004e-20 -5.8279319999999997e-20 -4.9637279999999999e-20 -5.1940669999999998e-20 -5.1656900000000002e-20 -5.4361150000000003e-20
  Net17:BGA_TXDATA0-_Group -6.3263190000000003e-20 -5.8658639999999999e-20 -5.7749469999999996e-20 -4.8774949999999998e-20 -4.9403469999999999e-20 -4.5789959999999998e-20 -4.9166210000000000e-20 -4.6665219999999997e-20 -5.4530700000000000e-20 -5.2836980000000003e-20 -6.6990030000000003e-20 -6.1417150000000005e-20 -4.5434390000000000e-20 -4.6106430000000001e-20 -4.9433250000000003e-20 -4.7913749999999999e-20 -7.9140420000000004e-14 4.3770069999999999e-13 -7.2432600000000001e-16 -2.4618380000000000e-16 -2.8298060000000002e-19 -2.0442309999999999e-19 -2.3585939999999999e-19 -1.5389389999999999e-19 -1.8524379999999999e-19 -1.1932130000000000e-19 -1.8997860000000000e-19 -7.3055789999999998e-20 -4.8788519999999997e-20 -4.3943759999999998e-20 -4.9108560000000000e-20 -5.1284060000000002e-20
  Net18:BGA_TXDATA1+_Group -5.4476549999999995e-20 -5.7357680000000005e-20 -7.0680820000000002e-20 -5.4018690000000002e-20 -5.8413560000000004e-20 -5.5350659999999994e-20 -5.0464409999999998e-20 -5.2556220000000001e-20 -5.8773650000000005e-20 -5.5680910000000006e-20 -7.2121289999999995e-20 -6.6624039999999998e-20 -4.8993139999999999e-20 -4.9833240000000002e-20 -5.6804899999999994e-20 -5.0414529999999998e-20 -2.8950330000000002e-16 -7.2432600000000001e-16 4.4529239999999999e-13 -9.0968230000000006e-14 -4.8342580000000001e-16 -2.5120710000000002e-16 -6.4263579999999997e-18 -1.5476979999999999e-17 -2.9713729999999999e-18 -1.5857499999999999e-19 -2.4008940000000002e-19 -1.7095090000000001e-18 -6.7472709999999998e-20 -4.3900710000000001e-20 -5.1008330000000002e-20 -5.7394040000000002e-20
  Net19:BGA_TXDATA1-_Group -6.2806329999999997e-20 -6.2223540000000000e-20 -6.6010550000000004e-20 -5.7413089999999997e-20 -5.8728790000000005e-20 -5.4201650000000002e-20 -5.0940440000000000e-20 -5.3002850000000000e-20 -5.9195769999999999e-20 -5.7745400000000005e-20 -7.5566910000000002e-20 -6.9501859999999996e-20 -5.0024439999999999e-20 -5.0667690000000000e-20 -5.4088540000000002e-20 -5.2704939999999997e-20 -5.3715259999999997e-17 -2.4618380000000000e-16 -9.0968230000000006e-14 4.5380920000000000e-13 -1.1557490000000001e-15 -5.3673849999999999e-16 -1.2156710000000001e-17 -2.7609149999999999e-17 -4.2327590000000003e-18 -2.2254749999999999e-19 -3.5832410000000001e-19 -1.9992200000000000e-18 -6.1136429999999997e-20 -5.7262790000000004e-20 -5.3041990000000002e-20 -5.9891600000000003e-20
  Net20:BGA_TXDATA2+_Group -6.0777280000000003e-20 -5.1191189999999997e-20 -6.5651340000000001e-20 -5.3710270000000002e-20 -5.6380249999999995e-20 -5.4754260000000003e-20 -5.3631420000000002e-20 -5.1170120000000000e-20 -5.7864579999999994e-20 -5.4979729999999996e-20 -7.3403940000000005e-20 -6.7826729999999998e-20 -4.8925779999999999e-20 -4.9681600000000003e-20 -5.2736580000000001e-20 -5.1906910000000000e-20 -9.1162619999999991e-19 -2.8298060000000002e-19 -4.8342580000000001e-16 -1.1557490000000001e-15 4.3627359999999998e-13 -8.6505630000000006e-14 -3.8418859999999999e-16 -2.5766299999999998e-16 -1.6704990000000000e-17 -9.6727279999999996e-18 -9.7787179999999995e-19 -9.1673549999999991e-19 -5.5776600000000004e-20 -5.3356210000000001e-20 -4.7487079999999998e-20 -5.9872210000000002e-20
  Net21:BGA_TXDATA2-_Group -5.6577070000000004e-20 -5.2315029999999997e-20 -6.2860940000000005e-20 -5.6487760000000003e-20 -5.1608409999999998e-20 -5.3960159999999998e-20 -4.8315200000000000e-20 -4.9240940000000000e-20 -5.5393370000000002e-20 -5.7488300000000004e-20 -6.9590539999999997e-20 -6.5558830000000000e-20 -4.7767459999999999e-20 -4.8645130000000003e-20 -5.2855249999999998e-20 -4.9505550000000002e-20 -4.7599549999999999e-19 -2.0442309999999999e-19 -2.5120710000000002e-16 -5.3673849999999999e-16 -8.6505630000000006e-14 4.2161150000000002e-13 -1.0440250000000000e-15 -8.6521750000000004e-16 -8.7425790000000004e-17 -2.1489879999999999e-17 -1.7386050000000000e-18 -1.2655600000000001e-17 -7.4844959999999996e-20 -6.6047590000000003e-20 -6.1417829999999994e-20 -7.0135760000000001e-20
  Net22:BGA_TXDATA3+_Group -5.4911690000000001e-20 -5.6206459999999998e-20 -6.0202989999999997e-20 -5.5089449999999996e-20 -5.2987500000000002e-20 -5.3461259999999997e-20 -4.5542120000000002e-20 -5.0008310000000001e-20 -5.3915379999999999e-20 -5.2417499999999997e-20 -6.6516740000000005e-20 -6.2751670000000000e-20 -4.5402459999999997e-20 -4.6127960000000000e-20 -4.9406280000000002e-20 -4.8117140000000001e-20 -8.1823210000000001e-20 -2.3585939999999999e-19 -6.4263579999999997e-18 -1.2156710000000001e-17 -3.8418859999999999e-16 -1.0440250000000000e-15 3.9017790000000001e-13 -7.1370309999999998e-14 -1.0139559999999999e-15 -3.9247300000000000e-16 -1.2737860000000000e-17 -8.2867600000000007e-18 -5.4988979999999995e-20 -5.8447079999999999e-20 -4.9188819999999999e-20 -6.1183240000000006e-20
  Net23:BGA_TXDATA3-_Group -5.2401069999999999e-20 -5.8412779999999998e-20 -5.8571629999999997e-20 -4.8100979999999998e-20 -4.8475060000000000e-20 -4.4424349999999997e-20 -4.2475360000000000e-20 -4.2947239999999998e-20 -5.0096120000000000e-20 -4.9277220000000003e-20 -6.1946330000000000e-20 -5.7836759999999995e-20 -4.2044310000000000e-20 -4.2877199999999998e-20 -4.5809149999999998e-20 -4.5076470000000001e-20 -7.0410219999999995e-20 -1.5389389999999999e-19 -1.5476979999999999e-17 -2.7609149999999999e-17 -2.5766299999999998e-16 -8.6521750000000004e-16 -7.1370309999999998e-14 3.7177049999999998e-13 -4.0744340000000003e-15 -1.1091770000000000e-15 -2.4074689999999999e-17 -5.0161690000000002e-17 -8.8998690000000004e-20 -1.0728320000000000e-19 -5.4119180000000000e-20 -1.0719990000000000e-19
  Net24:BGA_TXDATA4+_Group -5.5419060000000000e-20 -5.1815610000000002e-20 -6.5044340000000004e-20 -5.2628710000000000e-20 -5.2078249999999998e-20 -5.0540439999999999e-20 -5.0007500000000003e-20 -4.8117539999999999e-20 -5.5118300000000000e-20 -5.4081180000000003e-20 -6.7399200000000002e-20 -6.1855640000000005e-20 -4.5712320000000002e-20 -4.6393959999999997e-20 -5.0271929999999999e-20 -4.8089950000000001e-20 -7.7631940000000005e-20 -1.8524379999999999e-19 -2.9713729999999999e-18 -4.2327590000000003e-18 -1.6704990000000000e-17 -8.7425790000000004e-17 -1.0139559999999999e-15 -4.0744340000000003e-15 4.2993000000000002e-13 -1.0430340000000000e-13 -1.1463349999999999e-15 -7.8751489999999996e-16 -2.9918290000000000e-19 -2.1416100000000001e-19 -8.1433449999999996e-20 -1.6629810000000000e-19
  Net25:BGA_TXDATA4-_Group -5.5362080000000000e-20 -5.8821949999999997e-20 -6.1839769999999995e-20 -5.4790170000000006e-20 -5.4503899999999997e-20 -5.2789950000000000e-20 -4.6692400000000002e-20 -4.9133209999999998e-20 -5.4568979999999995e-20 -5.3073870000000002e-20 -6.7688259999999999e-20 -6.3938540000000004e-20 -4.6092810000000000e-20 -4.6780690000000000e-20 -4.9577949999999999e-20 -4.8439269999999999e-20 -6.6981310000000000e-20 -1.1932130000000000e-19 -1.5857499999999999e-19 -2.2254749999999999e-19 -9.6727279999999996e-18 -2.1489879999999999e-17 -3.9247300000000000e-16 -1.1091770000000000e-15 -1.0430340000000000e-13 4.2973110000000001e-13 -2.3945250000000000e-15 -1.1606070000000001e-15 -4.5953540000000001e-19 -3.1893910000000000e-19 -1.0445210000000000e-19 -2.5107429999999998e-19
  Net26:BGA_TXDATA5+_Group -7.0904039999999998e-20 -7.1828410000000005e-20 -7.7003840000000000e-20 -6.7859499999999998e-20 -6.7934250000000002e-20 -6.4359660000000004e-20 -5.9967320000000002e-20 -6.1508520000000002e-20 -6.9246749999999998e-20 -6.8507029999999999e-20 -8.6240360000000003e-20 -7.9918330000000003e-20 -5.8553909999999994e-20 -5.9321150000000004e-20 -6.5026830000000005e-20 -6.0521630000000001e-20 -7.2873540000000004e-20 -1.8997860000000000e-19 -2.4008940000000002e-19 -3.5832410000000001e-19 -9.7787179999999995e-19 -1.7386050000000000e-18 -1.2737860000000000e-17 -2.4074689999999999e-17 -1.1463349999999999e-15 -2.3945250000000000e-15 5.2187520000000005e-13 -1.1628940000000001e-13 -4.3937570000000003e-19 -7.9322100000000000e-19 -2.2032179999999998e-19 -5.5295450000000003e-19
  Net27:BGA_TXDATA5-_Group -6.4879659999999995e-20 -6.8732789999999997e-20 -7.3299910000000005e-20 -6.3376240000000005e-20 -6.4345369999999997e-20 -6.0856960000000005e-20 -5.5755449999999994e-20 -5.7788110000000001e-20 -6.4553710000000005e-20 -6.2553180000000003e-20 -7.9315820000000004e-20 -7.5648469999999995e-20 -5.4603210000000003e-20 -5.5607440000000004e-20 -5.8749140000000006e-20 -5.8009070000000005e-20 -5.8279319999999997e-20 -7.3055789999999998e-20 -1.7095090000000001e-18 -1.9992200000000000e-18 -9.1673549999999991e-19 -1.2655600000000001e-17 -8.2867600000000007e-18 -5.0161690000000002e-17 -7.8751489999999996e-16 -1.1606070000000001e-15 -1.1628940000000001e-13 5.2213639999999998e-13 -8.2985489999999999e-19 -1.2328620000000001e-18 -4.7927519999999996e-19 -8.1285479999999998e-19
  Net28:BGA_TXDATA6+_Group -4.7283109999999999e-20 -5.5898759999999994e-20 -5.6072019999999995e-20 -5.3421279999999998e-20 -4.8507790000000000e-20 -5.0526950000000001e-20 -4.6485860000000002e-20 -3.9203980000000001e-20 -4.9111599999999998e-20 -4.6047899999999997e-20 -5.9986129999999994e-20 -5.6132510000000003e-20 -4.0634059999999998e-20 -4.1359209999999998e-20 -4.7465509999999998e-20 -4.2570440000000001e-20 -4.9637279999999999e-20 -4.8788519999999997e-20 -6.7472709999999998e-20 -6.1136429999999997e-20 -5.5776600000000004e-20 -7.4844959999999996e-20 -5.4988979999999995e-20 -8.8998690000000004e-20 -2.9918290000000000e-19 -4.5953540000000001e-19 -4.3937570000000003e-19 -8.2985489999999999e-19 2.8396440000000000e-13 -1.3043570000000000e-18 -3.9591019999999999e-19 -4.6372279999999997e-19
  Net29:BGA_TXDATA6-_Group -5.0587170000000001e-20 -4.4996680000000000e-20 -5.1004900000000000e-20 -4.7062480000000000e-20 -4.3311660000000002e-20 -4.3664940000000003e-20 -3.9982400000000003e-20 -4.3958789999999998e-20 -4.8495780000000000e-20 -4.8460600000000001e-20 -5.9791210000000003e-20 -5.6070509999999998e-20 -4.0875309999999999e-20 -4.1525549999999999e-20 -4.2201440000000003e-20 -4.3980520000000000e-20 -5.1940669999999998e-20 -4.3943759999999998e-20 -4.3900710000000001e-20 -5.7262790000000004e-20 -5.3356210000000001e-20 -6.6047590000000003e-20 -5.8447079999999999e-20 -1.0728320000000000e-19 -2.1416100000000001e-19 -3.1893910000000000e-19 -7.9322100000000000e-19 -1.2328620000000001e-18 -1.3043570000000000e-18 2.8363470000000001e-13 -4.8764370000000001e-19 -6.8548749999999997e-19
  Net30:BGA_TXDATA7+_Group -5.1689119999999998e-20 -4.5585239999999998e-20 -5.5282949999999998e-20 -4.9100099999999997e-20 -4.8796360000000002e-20 -4.7173110000000002e-20 -4.3941360000000001e-20 -4.4259330000000000e-20 -4.9991409999999999e-20 -4.9313780000000003e-20 -6.1161580000000004e-20 -5.6996860000000000e-20 -4.1530759999999999e-20 -4.2286390000000002e-20 -4.6816000000000002e-20 -4.3068220000000002e-20 -5.1656900000000002e-20 -4.9108560000000000e-20 -5.1008330000000002e-20 -5.3041990000000002e-20 -4.7487079999999998e-20 -6.1417829999999994e-20 -4.9188819999999999e-20 -5.4119180000000000e-20 -8.1433449999999996e-20 -1.0445210000000000e-19 -2.2032179999999998e-19 -4.7927519999999996e-19 -3.9591019999999999e-19 -4.8764370000000001e-19 2.8743690000000001e-13 -3.7351150000000000e-19
  Net31:BGA_TXDATA7-_Group -5.4392209999999998e-20 -5.0757349999999997e-20 -5.5328739999999998e-20 -5.0494290000000000e-20 -4.9475739999999999e-20 -4.7195350000000002e-20 -4.3988959999999999e-20 -4.5115319999999998e-20 -5.0904569999999998e-20 -4.9836170000000001e-20 -6.4671079999999996e-20 -5.7713210000000003e-20 -4.3163599999999998e-20 -4.3596560000000000e-20 -5.1407470000000002e-20 -4.4126539999999999e-20 -5.4361150000000003e-20 -5.1284060000000002e-20 -5.7394040000000002e-20 -5.9891600000000003e-20 -5.9872210000000002e-20 -7.0135760000000001e-20 -6.1183240000000006e-20 -1.0719990000000000e-19 -1.6629810000000000e-19 -2.5107429999999998e-19 -5.5295450000000003e-19 -8.1285479999999998e-19 -4.6372279999999997e-19 -6.8548749999999997e-19 -3.7351150000000000e-19 3.0023050000000001e-13
 EndCapMat

 ResMat 32
  Net0:FCHIP_RXDATA0+_Group 1.2867360000000000e-01 3.1125890000000000e-02 1.2647190000000001e-03 1.6527230000000000e-03 2.4068430000000001e-04 2.9171910000000000e-04 1.5268920000000000e-04 1.6144240000000000e-04 1.4817950000000000e-04 1.6056430000000000e-04 1.5540500000000001e-04 1.3867660000000000e-04 1.3454860000000000e-04 1.2996239999999999e-04 1.2313430000000000e-04 1.2655429999999999e-04 5.4888960000000000e-05 1.4001780000000001e-04 1.5337799999999999e-04 1.5286280000000000e-04 1.6516470000000000e-04 1.5318260000000001e-04 1.5993480000000001e-04 1.6743429999999999e-04 1.5145450000000001e-04 1.4907009999999999e-04 1.4923550000000001e-04 1.4143650000000000e-04 1.4894959999999999e-04 1.3943140000000000e-04 1.2992000000000000e-04 1.4668750000000001e-04
  Net1:FCHIP_RXDATA0-_Group 3.1125890000000000e-02 1.3565810000000000e-01 2.5203339999999999e-03 2.0599310000000001e-03 3.0353610000000001e-04 4.2022709999999999e-04 1.7072429999999999e-04 1.8404230000000000e-04 1.5449490000000001e-04 2.0351140000000000e-04 8.7140250000000000e-05 1.0340790000000000e-04 1.0924240000000000e-04 8.7799059999999995e-05 8.8269309999999999e-05 9.8062329999999993e-05 1.4825139999999999e-04 1.2510470000000001e-04 1.5096230000000000e-04 1.4176390000000000e-04 1.4039310000000000e-04 1.5022359999999999e-04 1.4772310000000000e-04 1.4459970000000000e-04 1.4031320000000000e-04 1.4288309999999999e-04 1.3195810000000001e-04 1.1261019999999999e-04 1.3361739999999999e-04 1.1839050000000000e-04 1.0581759999999999e-04 1.0439020000000000e-04
  Net2:FCHIP_RXDATA1+_Group 1.2647190000000001e-03 2.5203339999999999e-03 1.4128720000000000e-01 3.2591490000000001e-02 2.3942220000000001e-03 3.5522829999999998e-03 3.4138520000000000e-05 1.3990220000000000e-04 1.6660199999999999e-04 2.0123489999999999e-04 1.1910820000000000e-04 1.3431430000000001e-04 1.2045150000000000e-04 1.1124000000000000e-04 1.0431550000000000e-04 1.1190189999999999e-04 1.4906300000000001e-04 1.5510879999999999e-04 1.8189289999999999e-04 1.7040470000000000e-04 1.7524760000000000e-04 1.8222609999999999e-04 1.8350739999999999e-04 1.8263580000000000e-04 1.7780859999999999e-04 1.7647790000000001e-04 1.5861520000000001e-04 1.3633779999999999e-04 1.5670490000000000e-04 1.4061600000000001e-04 1.2276330000000001e-04 1.1892540000000000e-04
  Net3:FCHIP_RXDATA1-_Group 1.6527230000000000e-03 2.0599310000000001e-03 3.2591490000000001e-02 1.3112810000000000e-01 1.1959230000000000e-03 2.3449590000000002e-03 7.9166499999999998e-06 5.7074080000000002e-05 1.4814660000000000e-04 1.5802330000000000e-04 1.2429260000000001e-04 1.2392149999999999e-04 1.2811830000000000e-04 1.2082410000000000e-04 1.1368940000000000e-04 1.1494220000000000e-04 1.4266300000000001e-04 1.4773470000000000e-04 1.8151630000000000e-04 1.8383200000000001e-04 1.9047880000000000e-04 1.8608260000000000e-04 1.8656879999999999e-04 1.8641430000000000e-04 1.7954540000000000e-04 1.7696800000000000e-04 1.5712890000000001e-04 1.3973880000000001e-04 1.5666700000000001e-04 1.4032410000000000e-04 1.2643459999999999e-04 1.2034390000000000e-04
  Net4:FCHIP_RXDATA2+_Group 2.4068430000000001e-04 3.0353610000000001e-04 2.3942220000000001e-03 1.1959230000000000e-03 1.1473570000000000e-01 2.3616370000000001e-02 9.0183810000000000e-04 1.4580080000000000e-03 5.3242640000000004e-04 9.0046129999999996e-04 4.5284870000000002e-04 4.0900030000000001e-04 1.3516230000000000e-04 1.2747050000000001e-04 1.3218489999999999e-04 1.2208620000000000e-04 1.2411599999999999e-04 1.4751059999999999e-04 1.7886500000000000e-04 1.8029839999999999e-04 1.8937760000000000e-04 1.9869469999999999e-04 1.9186040000000000e-04 1.8904560000000000e-04 1.8469959999999999e-04 1.7842150000000001e-04 1.5947440000000000e-04 1.3930310000000000e-04 1.5935379999999999e-04 1.4329640000000001e-04 1.2762719999999999e-04 1.3045200000000000e-04
  Net5:FCHIP_RXDATA2-_Group 2.9171910000000000e-04 4.2022709999999999e-04 3.5522829999999998e-03 2.3449590000000002e-03 2.3616370000000001e-02 1.1391620000000000e-01 1.6060649999999999e-04 6.4317560000000005e-04 3.2398850000000000e-04 5.7881529999999999e-04 3.4367099999999998e-04 3.4485160000000001e-04 1.2351619999999999e-04 1.2039240000000000e-04 1.2081819999999999e-04 1.1548999999999999e-04 1.5031140000000001e-04 1.5250990000000001e-04 1.8215720000000000e-04 1.7666890000000001e-04 1.8211960000000000e-04 1.8442959999999999e-04 1.8654979999999999e-04 1.8715999999999999e-04 1.8343189999999999e-04 1.7919850000000000e-04 1.5982940000000000e-04 1.3915370000000001e-04 1.5768320000000000e-04 1.4217070000000000e-04 1.2895170000000000e-04 1.2343770000000000e-04
  Net6:FCHIP_RXDATA3+_Group 1.5268920000000000e-04 1.7072429999999999e-04 3.4138520000000000e-05 7.9166499999999998e-06 9.0183810000000000e-04 1.6060649999999999e-04 1.0238790000000000e-01 1.9643770000000001e-02 2.6690130000000000e-03 5.3350029999999996e-03 1.3991940000000001e-03 1.2192629999999999e-03 1.2519669999999999e-04 1.1716990000000000e-04 1.3348090000000001e-04 1.2841569999999999e-04 1.3016629999999999e-04 1.4782890000000000e-04 1.7681880000000000e-04 1.7862729999999999e-04 1.8487779999999999e-04 1.8544580000000001e-04 1.8438220000000001e-04 1.8394489999999999e-04 1.7840700000000000e-04 1.7587000000000001e-04 1.5912850000000001e-04 1.3897040000000001e-04 1.5716480000000000e-04 1.4097380000000000e-04 1.3226640000000000e-04 1.2161670000000000e-04
  Net7:FCHIP_RXDATA3-_Group 1.6144240000000000e-04 1.8404230000000000e-04 1.3990220000000000e-04 5.7074080000000002e-05 1.4580080000000000e-03 6.4317560000000005e-04 1.9643770000000001e-02 1.0268890000000000e-01 1.3790000000000000e-03 2.8608300000000000e-03 9.6027259999999996e-04 8.3735769999999997e-04 8.5188480000000005e-05 9.4745970000000002e-05 1.1999780000000000e-04 1.1646560000000001e-04 1.2659170000000000e-04 1.4557530000000000e-04 1.7824730000000000e-04 1.7845360000000001e-04 1.8514510000000001e-04 1.9029710000000000e-04 1.8563640000000001e-04 1.8430089999999999e-04 1.7884020000000000e-04 1.7643699999999999e-04 1.5670870000000000e-04 1.3636900000000001e-04 1.5740880000000000e-04 1.4095960000000000e-04 1.2802009999999999e-04 1.2779370000000001e-04
  Net8:FCHIP_RXDATA4+_Group 1.4817950000000000e-04 1.5449490000000001e-04 1.6660199999999999e-04 1.4814660000000000e-04 5.3242640000000004e-04 3.2398850000000000e-04 2.6690130000000000e-03 1.3790000000000000e-03 1.2579670000000001e-01 2.5634529999999999e-02 4.8389510000000002e-03 5.1916840000000002e-03 1.8681599999999999e-04 1.6787639999999999e-04 2.5592870000000002e-04 2.6443050000000002e-04 1.2926999999999999e-04 1.4198870000000000e-04 1.6754819999999999e-04 1.7358909999999999e-04 1.7967900000000000e-04 1.7790910000000000e-04 1.7821400000000000e-04 1.7932770000000001e-04 1.7562660000000000e-04 1.6961750000000001e-04 1.5677700000000001e-04 1.3594850000000000e-04 1.5270179999999999e-04 1.3770969999999999e-04 1.3008179999999999e-04 1.1836590000000000e-04
  Net9:FCHIP_RXDATA4-_Group 1.6056430000000000e-04 2.0351140000000000e-04 2.0123489999999999e-04 1.5802330000000000e-04 9.0046129999999996e-04 5.7881529999999999e-04 5.3350029999999996e-03 2.8608300000000000e-03 2.5634529999999999e-02 1.2489050000000000e-01 4.4148420000000004e-03 3.4374330000000002e-03 5.2840120000000001e-06 3.7632000000000002e-05 1.4905070000000001e-04 1.8215760000000000e-04 1.2707269999999999e-04 1.4583909999999999e-04 1.6939170000000001e-04 1.7187140000000001e-04 1.7651070000000000e-04 1.7622050000000000e-04 1.8055780000000000e-04 1.8221380000000000e-04 1.8176069999999999e-04 1.7293890000000001e-04 1.5782090000000001e-04 1.3124870000000001e-04 1.5502590000000000e-04 1.3526700000000000e-04 1.4020649999999999e-04 1.1666830000000000e-04
  Net10:FCHIP_RXDATA5+_Group 1.5540500000000001e-04 8.7140250000000000e-05 1.1910820000000000e-04 1.2429260000000001e-04 4.5284870000000002e-04 3.4367099999999998e-04 1.3991940000000001e-03 9.6027259999999996e-04 4.8389510000000002e-03 4.4148420000000004e-03 1.7248810000000001e-01 4.6490970000000000e-02 4.5247940000000002e-04 6.5300820000000002e-04 6.1238880000000001e-04 5.4521069999999999e-04 1.0692300000000001e-04 1.2365450000000001e-04 1.4752219999999999e-04 1.4447409999999999e-04 1.4753419999999999e-04 1.5414830000000000e-04 1.5182419999999999e-04 1.5482620000000001e-04 1.5393159999999999e-04 1.4964020000000000e-04 1.3772920000000000e-04 1.2224120000000000e-04 1.3900860000000000e-04 1.2954460000000001e-04 1.2225079999999999e-04 1.2836870000000001e-04
  Net11:FCHIP_RXDATA5-_Group 1.3867660000000000e-04 1.0340790000000000e-04 1.3431430000000001e-04 1.2392149999999999e-04 4.0900030000000001e-04 3.4485160000000001e-04 1.2192629999999999e-03 8.3735769999999997e-04 5.1916840000000002e-03 3.4374330000000002e-03 4.6490970000000000e-02 1.7393010000000000e-01 2.3449370000000001e-05 3.8906949999999998e-04 5.8167790000000004e-04 5.5630849999999999e-04 1.0242999999999999e-04 1.0940940000000000e-04 1.3007970000000001e-04 1.3640950000000000e-04 1.3696670000000000e-04 1.4562860000000001e-04 1.3943580000000001e-04 1.3902350000000001e-04 1.3697460000000001e-04 1.3291489999999999e-04 1.2430969999999999e-04 1.1849620000000000e-04 1.2571159999999999e-04 1.2333860000000001e-04 1.2335739999999999e-04 1.1565660000000001e-04
  Net12:FCHIP_RXDATA6+_Group 1.3454860000000000e-04 1.0924240000000000e-04 1.2045150000000000e-04 1.2811830000000000e-04 1.3516230000000000e-04 1.2351619999999999e-04 1.2519669999999999e-04 8.5188480000000005e-05 1.8681599999999999e-04 5.2840120000000001e-06 4.5247940000000002e-04 2.3449370000000001e-05 7.8682520000000006e-02 2.7483740000000000e-03 1.1213750000000000e-03 1.2528400000000001e-03 1.1041510000000000e-04 1.1562820000000000e-04 1.2744910000000000e-04 1.3083280000000000e-04 1.3461270000000001e-04 1.3467100000000000e-04 1.3257850000000001e-04 1.3284190000000001e-04 1.3107240000000001e-04 1.3079910000000000e-04 1.3041910000000001e-04 1.1941840000000000e-04 1.3067390000000000e-04 1.2656150000000000e-04 1.2259380000000000e-04 1.2326720000000000e-04
  Net13:FCHIP_RXDATA6-_Group 1.2996239999999999e-04 8.7799059999999995e-05 1.1124000000000000e-04 1.2082410000000000e-04 1.2747050000000001e-04 1.2039240000000000e-04 1.1716990000000000e-04 9.4745970000000002e-05 1.6787639999999999e-04 3.7632000000000002e-05 6.5300820000000002e-04 3.8906949999999998e-04 2.7483740000000000e-03 8.0306600000000006e-02 1.6888260000000000e-03 1.6888370000000001e-03 1.0585149999999999e-04 1.1079100000000000e-04 1.1970240000000000e-04 1.2472580000000001e-04 1.2844479999999999e-04 1.2919690000000000e-04 1.2827150000000001e-04 1.2805499999999999e-04 1.2542240000000001e-04 1.2412020000000001e-04 1.2545880000000001e-04 1.2183500000000000e-04 1.2570280000000000e-04 1.2819940000000001e-04 1.2709869999999999e-04 1.1883000000000000e-04
  Net14:FCHIP_RXDATA7+_Group 1.2313430000000000e-04 8.8269309999999999e-05 1.0431550000000000e-04 1.1368940000000000e-04 1.3218489999999999e-04 1.2081819999999999e-04 1.3348090000000001e-04 1.1999780000000000e-04 2.5592870000000002e-04 1.4905070000000001e-04 6.1238880000000001e-04 5.8167790000000004e-04 1.1213750000000000e-03 1.6888260000000000e-03 9.0413889999999997e-02 1.3380460000000001e-03 1.1540190000000000e-04 1.0762420000000000e-04 1.1325609999999999e-04 1.1554130000000000e-04 1.2017760000000000e-04 1.2747480000000001e-04 1.1916159999999999e-04 1.1383850000000000e-04 1.1010930000000001e-04 1.1127740000000000e-04 1.1846040000000000e-04 1.0569399999999999e-04 1.2455170000000000e-04 1.1766210000000001e-04 1.4317470000000000e-04 1.7057730000000001e-04
  Net15:FCHIP_RXDATA7-_Group 1.2655429999999999e-04 9.8062329999999993e-05 1.1190189999999999e-04 1.1494220000000000e-04 1.2208620000000000e-04 1.1548999999999999e-04 1.2841569999999999e-04 1.1646560000000001e-04 2.6443050000000002e-04 1.8215760000000000e-04 5.4521069999999999e-04 5.5630849999999999e-04 1.2528400000000001e-03 1.6888370000000001e-03 1.3380460000000001e-03 8.5717639999999998e-02 9.4427979999999996e-05 1.0363500000000001e-04 1.0556930000000000e-04 1.1439690000000000e-04 1.1784320000000000e-04 1.1660670000000000e-04 1.1454040000000000e-04 1.1721149999999999e-04 1.1958779999999999e-04 1.2390130000000001e-04 1.1824090000000000e-04 1.2605679999999999e-04 1.1913860000000000e-04 1.3385329999999999e-04 1.0274740000000000e-04 1.0129710000000000e-04
  Net16:FCHIP_TXDATA0+_Group 5.4888960000000000e-05 1.4825139999999999e-04 1.4906300000000001e-04 1.4266300000000001e-04 1.2411599999999999e-04 1.5031140000000001e-04 1.3016629999999999e-04 1.2659170000000000e-04 1.2926999999999999e-04 1.2707269999999999e-04 1.0692300000000001e-04 1.0242999999999999e-04 1.1041510000000000e-04 1.0585149999999999e-04 1.1540190000000000e-04 9.4427979999999996e-05 1.2267770000000000e-01 2.9523750000000001e-02 1.4388070000000001e-03 1.2132370000000000e-03 1.5371400000000000e-04 1.2237910000000000e-04 1.1399960000000001e-04 1.1608890000000000e-04 1.2570440000000000e-04 1.2033660000000000e-04 1.2024020000000000e-04 1.0297320000000001e-04 1.2855990000000000e-04 1.1958179999999999e-04 1.1808520000000001e-04 1.0867180000000001e-04
  Net17:FCHIP_TXDATA0-_Group 1.4001780000000001e-04 1.2510470000000001e-04 1.5510879999999999e-04 1.4773470000000000e-04 1.4751059999999999e-04 1.5250990000000001e-04 1.4782890000000000e-04 1.4557530000000000e-04 1.4198870000000000e-04 1.4583909999999999e-04 1.2365450000000001e-04 1.0940940000000000e-04 1.1562820000000000e-04 1.1079100000000000e-04 1.0762420000000000e-04 1.0363500000000001e-04 2.9523750000000001e-02 1.3121160000000001e-01 2.4796599999999999e-03 2.2983420000000001e-03 1.9098539999999999e-04 1.1478650000000000e-04 1.1371039999999999e-04 1.0532660000000000e-04 1.4438400000000001e-04 1.4275430000000000e-04 1.3661399999999999e-04 1.2426820000000001e-04 1.3172109999999999e-04 1.1965060000000000e-04 1.0936020000000000e-04 1.1458940000000000e-04
  Net18:FCHIP_TXDATA1+_Group 1.5337799999999999e-04 1.5096230000000000e-04 1.8189289999999999e-04 1.8151630000000000e-04 1.7886500000000000e-04 1.8215720000000000e-04 1.7681880000000000e-04 1.7824730000000000e-04 1.6754819999999999e-04 1.6939170000000001e-04 1.4752219999999999e-04 1.3007970000000001e-04 1.2744910000000000e-04 1.1970240000000000e-04 1.1325609999999999e-04 1.0556930000000000e-04 1.4388070000000001e-03 2.4796599999999999e-03 1.3379520000000000e-01 3.2592450000000002e-02 1.2687050000000000e-03 5.3443290000000003e-04 1.3052349999999999e-04 1.0202400000000001e-05 1.4673040000000000e-04 9.5594589999999994e-05 1.1709429999999999e-04 4.6794549999999997e-05 1.6291280000000000e-04 1.4481189999999999e-04 1.2238080000000001e-04 1.2623060000000000e-04
