B_LMATS  180
B_FREQ 0.000000e+00
  2.256321e-10  1.582024e-10  2.197920e-10  1.574955e-10  7.275310e-11  4.745178e-11  4.729911e-11  4.868301e-11  4.829963e-11
  1.582024e-10  2.256905e-10  1.575036e-10  2.198152e-10  1.185957e-10  4.589309e-11  4.605064e-11  4.756499e-11  4.789720e-11
  2.197920e-10  1.575036e-10  2.270367e-10  1.568016e-10  7.204877e-11  4.718749e-11  4.704291e-11  4.895235e-11  4.855405e-11
  1.574955e-10  2.198152e-10  1.568016e-10  2.270933e-10  1.188624e-10  4.563988e-11  4.578769e-11  4.779949e-11  4.814661e-11
  7.275310e-11  1.185957e-10  7.204877e-11  1.188624e-10  3.015234e-10  -1.712805e-11  -1.714977e-11  -4.793841e-11  -4.992007e-11
  4.745178e-11  4.589309e-11  4.718749e-11  4.563988e-11  -1.712805e-11  1.205079e-10  1.174239e-10  6.836757e-11  6.828244e-11
  4.729911e-11  4.605064e-11  4.704291e-11  4.578769e-11  -1.714977e-11  1.174239e-10  1.219809e-10  6.856592e-11  6.852967e-11
  4.868301e-11  4.756499e-11  4.895235e-11  4.779949e-11  -4.793841e-11  6.836757e-11  6.856592e-11  1.143923e-10  1.106827e-10
  4.829963e-11  4.789720e-11  4.855405e-11  4.814661e-11  -4.992007e-11  6.828244e-11  6.852967e-11  1.106827e-10  1.145716e-10
E_FREQ

B_FREQ 1.000000e+00
  5.335106e-07  2.202902e-07  4.884292e-07  2.168162e-07  5.996766e-09  3.224031e-08  3.039372e-08  3.575135e-08  3.136184e-08
  2.202902e-07  5.305042e-07  2.169267e-07  4.851732e-07  1.285411e-07  2.462513e-08  2.660136e-08  2.805468e-08  3.229831e-08
  4.884292e-07  2.169267e-07  5.402710e-07  2.135245e-07  3.245305e-09  3.008663e-08  2.846169e-08  3.789041e-08  3.321920e-08
  2.168162e-07  4.851732e-07  2.135245e-07  5.372447e-07  1.283798e-07  2.283343e-08  2.456007e-08  2.979372e-08  3.431798e-08
  5.996766e-09  1.285411e-07  3.245305e-09  1.283798e-07  6.794399e-07  -2.095948e-08  -2.045053e-08  -3.973026e-09  -1.291982e-08
  3.224031e-08  2.462513e-08  3.008663e-08  2.283343e-08  -2.095948e-08  1.180580e-07  9.679775e-08  6.828919e-08  6.741151e-08
  3.039372e-08  2.660136e-08  2.846169e-08  2.456007e-08  -2.045053e-08  9.679775e-08  1.258685e-07  6.903629e-08  6.910402e-08
  3.575135e-08  2.805468e-08  3.789041e-08  2.979372e-08  -3.973026e-09  6.828919e-08  6.903629e-08  1.135353e-07  8.949189e-08
  3.136184e-08  3.229831e-08  3.321920e-08  3.431798e-08  -1.291982e-08  6.741151e-08  6.910402e-08  8.949189e-08  1.149345e-07
E_FREQ

B_FREQ 1.258925e+00
  4.755163e-07  1.963510e-07  4.353369e-07  1.932548e-07  5.352535e-09  2.873937e-08  2.709358e-08  3.186872e-08  2.795653e-08
  1.963510e-07  4.728369e-07  1.933532e-07  4.324350e-07  1.145752e-07  2.195216e-08  2.371349e-08  2.500893e-08  2.879111e-08
  4.353369e-07  1.933532e-07  4.815417e-07  1.903210e-07  2.900217e-09  2.681987e-08  2.537162e-08  3.377519e-08  2.961192e-08
  1.932548e-07  4.324350e-07  1.903210e-07  4.788445e-07  1.144315e-07  2.035528e-08  2.189417e-08  2.655887e-08  3.059117e-08
  5.352535e-09  1.145752e-07  2.900217e-09  1.144315e-07  6.055842e-07  -1.868202e-08  -1.822842e-08  -3.546176e-09  -1.152023e-08
  2.873937e-08  2.195216e-08  2.681987e-08  2.035528e-08  -1.868202e-08  1.052324e-07  8.628385e-08  6.087024e-08  6.008800e-08
  2.709358e-08  2.371349e-08  2.537162e-08  2.189417e-08  -1.822842e-08  8.628385e-08  1.121937e-07  6.153612e-08  6.159648e-08
  3.186872e-08  2.500893e-08  3.377519e-08  2.655887e-08  -3.546176e-09  6.087024e-08  6.153612e-08  1.012009e-07  7.977177e-08
  2.795653e-08  2.879111e-08  2.961192e-08  3.059117e-08  -1.152023e-08  6.008800e-08  6.159648e-08  7.977177e-08  1.024479e-07
E_FREQ

B_FREQ 1.584893e+00
  4.238289e-07  1.750152e-07  3.880183e-07  1.722556e-07  4.778364e-09  2.561915e-08  2.415232e-08  2.840832e-08  2.492153e-08
  1.750152e-07  4.214409e-07  1.723434e-07  3.854320e-07  1.021282e-07  1.956987e-08  2.113968e-08  2.229441e-08  2.566531e-08
  3.880183e-07  1.723434e-07  4.291992e-07  1.696408e-07  2.592656e-09  2.390837e-08  2.261760e-08  3.010749e-08  2.639693e-08
  1.722556e-07  3.854320e-07  1.696408e-07  4.267953e-07  1.020001e-07  1.814662e-08  1.951818e-08  2.367582e-08  2.726964e-08
  4.778364e-09  1.021282e-07  2.592656e-09  1.020001e-07  5.397603e-07  -1.665223e-08  -1.624796e-08  -3.165746e-09  -1.027285e-08
  2.561915e-08  1.956987e-08  2.390837e-08  1.814662e-08  -1.665223e-08  9.380157e-08  7.691334e-08  5.425810e-08  5.356091e-08
  2.415232e-08  2.113968e-08  2.261760e-08  1.951818e-08  -1.624796e-08  7.691334e-08  1.000060e-07  5.485158e-08  5.490537e-08
  2.840832e-08  2.229441e-08  3.010749e-08  2.367582e-08  -3.165746e-09  5.425810e-08  5.485158e-08  9.020782e-08  7.110870e-08
  2.492153e-08  2.566531e-08  2.639693e-08  2.726964e-08  -1.027285e-08  5.356091e-08  5.490537e-08  7.110870e-08  9.131927e-08
E_FREQ

B_FREQ 1.995262e+00
  3.777624e-07  1.559997e-07  3.458456e-07  1.535401e-07  4.266633e-09  2.283825e-08  2.153092e-08  2.532424e-08  2.221659e-08
  1.559997e-07  3.756341e-07  1.536183e-07  3.435405e-07  9.103474e-08  1.744666e-08  1.884577e-08  1.987508e-08  2.287944e-08
  3.458456e-07  1.536183e-07  3.825489e-07  1.512096e-07  2.318542e-09  2.131349e-08  2.016307e-08  2.683865e-08  2.353157e-08
  1.535401e-07  3.435405e-07  1.512096e-07  3.804064e-07  9.092064e-08  1.617816e-08  1.740057e-08  2.110630e-08  2.430933e-08
  4.266633e-09  9.103474e-08  2.318542e-09  9.092064e-08  4.810946e-07  -1.484318e-08  -1.448287e-08  -2.826687e-09  -9.161112e-09
  2.283825e-08  1.744666e-08  2.131349e-08  1.617816e-08  -1.484318e-08  8.361385e-08  6.856185e-08  4.836501e-08  4.774364e-08
  2.153092e-08  1.884577e-08  2.016307e-08  1.740057e-08  -1.448287e-08  6.856185e-08  8.914369e-08  4.889398e-08  4.894192e-08
  2.532424e-08  1.987508e-08  2.683865e-08  2.110630e-08  -2.826687e-09  4.836501e-08  4.889398e-08  8.041025e-08  6.338773e-08
  2.221659e-08  2.287944e-08  2.353157e-08  2.430933e-08  -9.161112e-09  4.774364e-08  4.894192e-08  6.338773e-08  8.140085e-08
E_FREQ

B_FREQ 2.511886e+00
  3.367057e-07  1.390521e-07  3.082591e-07  1.368599e-07  3.810552e-09  2.035977e-08  1.919460e-08  2.257555e-08  1.980581e-08
  1.390521e-07  3.348088e-07  1.369296e-07  3.062047e-07  8.114770e-08  1.555434e-08  1.680132e-08  1.771886e-08  2.039653e-08
  3.082591e-07  1.369296e-07  3.409717e-07  1.347827e-07  2.074238e-09  1.900080e-08  1.797547e-08  2.392530e-08  2.097782e-08
  1.368599e-07  3.062047e-07  1.347827e-07  3.390623e-07  8.104603e-08  1.442376e-08  1.551326e-08  1.881620e-08  2.167095e-08
  3.810552e-09  8.114770e-08  2.074238e-09  8.104603e-08  4.288088e-07  -1.323086e-08  -1.290974e-08  -2.524501e-09  -8.170278e-09
  2.035977e-08  1.555434e-08  1.900080e-08  1.442376e-08  -1.323086e-08  7.453402e-08  6.111859e-08  4.311280e-08  4.255899e-08
  1.919460e-08  1.680132e-08  1.797547e-08  1.551326e-08  -1.290974e-08  6.111859e-08  7.946266e-08  4.358426e-08  4.362698e-08
  2.257555e-08  1.771886e-08  2.392530e-08  1.881620e-08  -2.524501e-09  4.311280e-08  4.358426e-08  7.167815e-08  5.650641e-08
  1.980581e-08  2.039653e-08  2.097782e-08  2.167095e-08  -8.170278e-09  4.255899e-08  4.362698e-08  5.650641e-08  7.256104e-08
E_FREQ

B_FREQ 3.162278e+00
  3.001138e-07  1.239475e-07  2.747601e-07  1.219937e-07  3.404070e-09  1.815083e-08  1.711235e-08  2.012577e-08  1.765720e-08
  1.239475e-07  2.984232e-07  1.220558e-07  2.729291e-07  7.233586e-08  1.386781e-08  1.497920e-08  1.579712e-08  1.818364e-08
  2.747601e-07  1.220558e-07  3.039160e-07  1.201423e-07  1.856502e-09  1.693961e-08  1.602577e-08  2.132877e-08  1.870178e-08
  1.219937e-07  2.729291e-07  1.201423e-07  3.022143e-07  7.224528e-08  1.286016e-08  1.383118e-08  1.677516e-08  1.931949e-08
  3.404070e-09  7.233586e-08  1.856502e-09  7.224528e-08  3.822091e-07  -1.179388e-08  -1.150768e-08  -2.255177e-09  -7.287197e-09
  1.815083e-08  1.386781e-08  1.693961e-08  1.286016e-08  -1.179388e-08  6.644162e-08  5.448477e-08  3.843176e-08  3.793816e-08
  1.711235e-08  1.497920e-08  1.602577e-08  1.383118e-08  -1.150768e-08  5.448477e-08  7.083444e-08  3.885197e-08  3.889004e-08
  2.012577e-08  1.579712e-08  2.132877e-08  1.677516e-08  -2.255177e-09  3.843176e-08  3.885197e-08  6.389566e-08  5.037343e-08
  1.765720e-08  1.818364e-08  1.870178e-08  1.931949e-08  -7.287197e-09  3.793816e-08  3.889004e-08  5.037343e-08  6.468255e-08
E_FREQ

B_FREQ 3.981072e+00
  2.675012e-07  1.104855e-07  2.449041e-07  1.087441e-07  3.041793e-09  1.618210e-08  1.525654e-08  1.794241e-08  1.574225e-08
  1.104855e-07  2.659945e-07  1.087995e-07  2.432723e-07  6.448230e-08  1.236469e-08  1.335523e-08  1.408437e-08  1.621139e-08
  2.449041e-07  1.087995e-07  2.708902e-07  1.070940e-07  1.662445e-09  1.510257e-08  1.428810e-08  1.901461e-08  1.667326e-08
  1.087441e-07  2.432723e-07  1.070940e-07  2.693735e-07  6.440160e-08  1.146659e-08  1.233203e-08  1.495607e-08  1.722375e-08
  3.041793e-09  6.448230e-08  1.662445e-09  6.440160e-08  3.406770e-07  -1.051317e-08  -1.025810e-08  -2.015142e-09  -6.500150e-09
  1.618210e-08  1.236469e-08  1.510257e-08  1.146659e-08  -1.051317e-08  5.922926e-08  4.857237e-08  3.425978e-08  3.381985e-08
  1.525654e-08  1.335523e-08  1.428810e-08  1.233203e-08  -1.025810e-08  4.857237e-08  6.314452e-08  3.463431e-08  3.466824e-08
  1.794241e-08  1.408437e-08  1.901461e-08  1.495607e-08  -2.015142e-09  3.425978e-08  3.463431e-08  5.695950e-08  4.490740e-08
  1.574225e-08  1.621139e-08  1.667326e-08  1.722375e-08  -6.500150e-09  3.381985e-08  3.466824e-08  4.490740e-08  5.766085e-08
E_FREQ

B_FREQ 5.011872e+00
  2.384353e-07  9.848754e-08  2.182949e-07  9.693540e-08  2.718912e-09  1.442747e-08  1.360255e-08  1.599648e-08  1.403555e-08
  9.848754e-08  2.370924e-07  9.698474e-08  2.168405e-07  5.748281e-08  1.102503e-08  1.190787e-08  1.255788e-08  1.445363e-08
  2.182949e-07  9.698474e-08  2.414558e-07  9.546467e-08  1.489490e-09  1.346531e-08  1.273940e-08  1.695211e-08  1.486534e-08
  9.693540e-08  2.168405e-07  9.546467e-08  2.401040e-07  5.741091e-08  1.022457e-08  1.099592e-08  1.333481e-08  1.535592e-08
  2.718912e-09  5.748281e-08  1.489490e-09  5.741091e-08  3.036615e-07  -9.371735e-09  -9.144404e-09  -1.801210e-09  -5.798693e-09
  1.442747e-08  1.102503e-08  1.346531e-08  1.022457e-08  -9.371735e-09  5.280124e-08  4.330294e-08  3.054149e-08  3.014940e-08
  1.360255e-08  1.190787e-08  1.273940e-08  1.099592e-08  -9.144404e-09  4.330294e-08  5.629088e-08  3.087532e-08  3.090555e-08
  1.599648e-08  1.255788e-08  1.695211e-08  1.333481e-08  -1.801210e-09  3.054149e-08  3.087532e-08  5.077765e-08  4.003580e-08
  1.403555e-08  1.445363e-08  1.486534e-08  1.535592e-08  -5.798693e-09  3.014940e-08  3.090555e-08  4.003580e-08  5.140274e-08
E_FREQ

B_FREQ 6.309573e+00
  2.125302e-07  8.779432e-08  1.945794e-07  8.641089e-08  2.431145e-09  1.286366e-08  1.212843e-08  1.426217e-08  1.251445e-08
  8.779432e-08  2.113334e-07  8.645487e-08  1.932832e-07  5.124450e-08  9.831064e-09  1.061791e-08  1.119740e-08  1.288702e-08
  1.945794e-07  8.645487e-08  2.152224e-07  8.510003e-08  1.335345e-09  1.200611e-08  1.135912e-08  1.511391e-08  1.325403e-08
  8.641089e-08  1.932832e-07  8.510003e-08  2.140176e-07  5.118045e-08  9.117622e-09  9.805101e-09  1.188986e-08  1.369121e-08
  2.431145e-09  5.124450e-08  1.335345e-09  5.118045e-08  2.706714e-07  -8.354430e-09  -8.151824e-09  -1.610544e-09  -5.173520e-09
  1.286366e-08  9.831064e-09  1.200611e-08  9.117622e-09  -8.354430e-09  4.707226e-08  3.860655e-08  2.722757e-08  2.687811e-08
  1.212843e-08  1.061791e-08  1.135912e-08  9.805101e-09  -8.151824e-09  3.860655e-08  5.018257e-08  2.752511e-08  2.755205e-08
  1.426217e-08  1.119740e-08  1.511391e-08  1.188986e-08  -1.610544e-09  2.722757e-08  2.752511e-08  4.526807e-08  3.569398e-08
  1.251445e-08  1.288702e-08  1.325403e-08  1.369121e-08  -5.173520e-09  2.687811e-08  2.755205e-08  3.569398e-08  4.582520e-08
E_FREQ

B_FREQ 7.943282e+00
  1.894423e-07  7.826398e-08  1.734430e-07  7.703092e-08  2.174672e-09  1.146991e-08  1.081462e-08  1.271647e-08  1.115876e-08
  7.826398e-08  1.883756e-07  7.707012e-08  1.722878e-07  4.568461e-08  8.766935e-09  9.468228e-09  9.984865e-09  1.149077e-08
  1.734430e-07  7.707012e-08  1.918418e-07  7.586253e-08  1.197963e-09  1.070558e-08  1.012894e-08  1.347561e-08  1.181794e-08
  7.703092e-08  1.722878e-07  7.586253e-08  1.907681e-07  4.562755e-08  8.131052e-09  8.743784e-09  1.060205e-08  1.220754e-08
  2.174672e-09  4.568461e-08  1.197963e-09  4.562755e-08  2.412689e-07  -7.447756e-09  -7.267186e-09  -1.440612e-09  -4.616333e-09
  1.146991e-08  8.766935e-09  1.070558e-08  8.131052e-09  -7.447756e-09  4.196630e-08  3.442090e-08  2.427403e-08  2.396256e-08
  1.081462e-08  9.468228e-09  1.012894e-08  8.743784e-09  -7.267186e-09  3.442090e-08  4.473852e-08  2.453924e-08  2.456325e-08
  1.271647e-08  9.984865e-09  1.347561e-08  1.060205e-08  -1.440612e-09  2.427403e-08  2.453924e-08  4.035765e-08  3.182433e-08
  1.115876e-08  1.149077e-08  1.181794e-08  1.220754e-08  -4.616333e-09  2.396256e-08  2.456325e-08  3.182433e-08  4.085421e-08
E_FREQ

B_FREQ 1.000000e+01
  1.688651e-07  6.977005e-08  1.546052e-07  6.867100e-08  1.946090e-09  1.022773e-08  9.643681e-09  1.133886e-08  9.950512e-09
  6.977005e-08  1.679145e-07  6.870594e-08  1.535755e-07  4.072935e-08  7.818530e-09  8.443575e-09  8.904193e-09  1.024637e-08
  1.546052e-07  6.870594e-08  1.710039e-07  6.762960e-08  1.075521e-09  9.546494e-09  9.032544e-09  1.201547e-08  1.053803e-08
  6.867100e-08  1.535755e-07  6.762960e-08  1.700470e-07  4.067853e-08  7.251771e-09  7.797886e-09  9.454284e-09  1.088522e-08
  1.946090e-09  4.072935e-08  1.075521e-09  4.067853e-08  2.150639e-07  -6.639682e-09  -6.478751e-09  -1.289160e-09  -4.119740e-09
  1.022773e-08  7.818530e-09  9.546494e-09  7.251771e-09  -6.639682e-09  3.741561e-08  3.069043e-08  2.164169e-08  2.136408e-08
  9.643681e-09  8.443575e-09  9.032544e-09  7.797886e-09  -6.478751e-09  3.069043e-08  3.988652e-08  2.187808e-08  2.189947e-08
  1.133886e-08  8.904193e-09  1.201547e-08  9.454284e-09  -1.289160e-09  2.164169e-08  2.187808e-08  3.598123e-08  2.837550e-08
  9.950512e-09  1.024637e-08  1.053803e-08  1.088522e-08  -4.119740e-09  2.136408e-08  2.189947e-08  2.837550e-08  3.642382e-08
E_FREQ

B_FREQ 1.258925e+01
  1.505257e-07  6.219982e-08  1.378159e-07  6.122022e-08  1.742367e-09  9.120632e-09  8.600083e-09  1.011106e-08  8.873655e-09
  6.219982e-08  1.496785e-07  6.125136e-08  1.368983e-07  3.631297e-08  6.973263e-09  7.530352e-09  7.941043e-09  9.137298e-09
  1.378159e-07  6.125136e-08  1.524321e-07  6.029200e-08  9.663940e-10  8.513453e-09  8.055379e-09  1.071412e-08  9.397312e-09
  6.122022e-08  1.368983e-07  6.029200e-08  1.515792e-07  3.626770e-08  6.468111e-09  6.954852e-09  8.431338e-09  9.706697e-09
  1.742367e-09  3.631297e-08  9.663940e-10  3.626770e-08  1.917087e-07  -5.919486e-09  -5.776058e-09  -1.154178e-09  -3.677151e-09
  9.120632e-09  6.973263e-09  8.513453e-09  6.468111e-09  -5.919486e-09  3.335980e-08  2.736564e-08  1.929561e-08  1.904818e-08
  8.600083e-09  7.530352e-09  8.055379e-09  6.954852e-09  -5.776058e-09  2.736564e-08  3.556216e-08  1.950631e-08  1.952538e-08
  1.011106e-08  7.941043e-09  1.071412e-08  8.431338e-09  -1.154178e-09  1.929561e-08  1.950631e-08  3.208075e-08  2.530173e-08
  8.873655e-09  9.137298e-09  9.397312e-09  9.706697e-09  -3.677151e-09  1.904818e-08  1.952538e-08  2.530173e-08  3.247522e-08
E_FREQ

B_FREQ 1.584893e+01
  1.341807e-07  5.545285e-08  1.228524e-07  5.457971e-08  1.560798e-09  8.133932e-09  7.669976e-09  9.016789e-09  7.913906e-09
  5.545285e-08  1.334256e-07  5.460746e-08  1.220346e-07  3.237686e-08  6.219918e-09  6.716442e-09  7.082634e-09  8.148834e-09
  1.228524e-07  5.460746e-08  1.358799e-07  5.375235e-08  8.691348e-10  7.592755e-09  7.184480e-09  9.554297e-09  8.380643e-09
  5.457971e-08  1.220346e-07  5.375235e-08  1.351198e-07  3.233655e-08  5.769674e-09  6.203498e-09  7.519636e-09  8.656339e-09
  1.560798e-09  3.237686e-08  8.691348e-10  3.233655e-08  1.708934e-07  -5.277610e-09  -5.149782e-09  -1.033876e-09  -3.282693e-09
  8.133932e-09  6.219918e-09  7.592755e-09  5.769674e-09  -5.277610e-09  2.974506e-08  2.440242e-08  1.720466e-08  1.698414e-08
  7.669976e-09  6.716442e-09  7.184480e-09  6.203498e-09  -5.149782e-09  2.440242e-08  3.170808e-08  1.739248e-08  1.740946e-08
  9.016789e-09  7.082634e-09  9.554297e-09  7.519636e-09  -1.033876e-09  1.720466e-08  1.739248e-08  2.860444e-08  2.256223e-08
  7.913906e-09  8.148834e-09  8.380643e-09  8.656339e-09  -3.282693e-09  1.698414e-08  1.740946e-08  2.256223e-08  2.895603e-08
E_FREQ

B_FREQ 1.995262e+01
  1.196133e-07  4.943961e-08  1.095163e-07  4.866135e-08  1.398974e-09  7.254535e-09  6.841017e-09  8.041516e-09  7.058529e-09
  4.943961e-08  1.189403e-07  4.868608e-08  1.087874e-07  2.886881e-08  5.548499e-09  5.991043e-09  6.317577e-09  7.267865e-09
  1.095163e-07  4.868608e-08  1.211278e-07  4.792389e-08  7.824525e-10  6.772182e-09  6.408290e-09  8.520600e-09  7.474536e-09
  4.866135e-08  1.087874e-07  4.792389e-08  1.204504e-07  2.883290e-08  5.147190e-09  5.533853e-09  6.707080e-09  7.720206e-09
  1.398974e-09  2.886881e-08  7.824525e-10  2.883290e-08  1.523417e-07  -4.705537e-09  -4.591613e-09  -9.266560e-10  -2.931132e-09
  7.254535e-09  5.548499e-09  6.772182e-09  5.147190e-09  -4.705537e-09  2.652342e-08  2.176145e-08  1.534111e-08  1.514455e-08
  6.841017e-09  5.991043e-09  6.408290e-09  5.533853e-09  -4.591613e-09  2.176145e-08  2.827312e-08  1.550852e-08  1.552365e-08
  8.041516e-09  6.317577e-09  8.520600e-09  6.707080e-09  -9.266560e-10  1.534111e-08  1.550852e-08  2.550617e-08  2.012064e-08
  7.058529e-09  7.267865e-09  7.474536e-09  7.720206e-09  -2.931132e-09  1.514455e-08  1.552365e-08  2.012064e-08  2.581955e-08
E_FREQ

B_FREQ 2.511886e+01
  1.066300e-07  4.408031e-08  9.763037e-08  4.338660e-08  1.254749e-09  6.470772e-09  6.102207e-09  7.172302e-09  6.296173e-09
  4.408031e-08  1.060302e-07  4.340864e-08  9.698074e-08  2.574225e-08  4.950096e-09  5.344531e-09  5.635719e-09  6.482700e-09
  9.763037e-08  4.340864e-08  1.079800e-07  4.272926e-08  7.051967e-10  6.040845e-09  5.716511e-09  7.599316e-09  6.666968e-09
  4.338660e-08  9.698074e-08  4.272926e-08  1.073762e-07  2.571028e-08  4.592402e-09  4.937031e-09  5.982890e-09  6.885877e-09
  1.254749e-09  2.574225e-08  7.051967e-10  2.571028e-08  1.358074e-07  -4.195677e-09  -4.094145e-09  -8.310963e-10  -2.617803e-09
  6.470772e-09  4.950096e-09  6.040845e-09  4.592402e-09  -4.195677e-09  2.365213e-08  1.940768e-08  1.368021e-08  1.350502e-08
  6.102207e-09  5.344531e-09  5.716511e-09  4.937031e-09  -4.094145e-09  1.940768e-08  2.521171e-08  1.382944e-08  1.384292e-08
  7.172302e-09  5.635719e-09  7.599316e-09  5.982890e-09  -8.310963e-10  1.368021e-08  1.382944e-08  2.274484e-08  1.794458e-08
  6.296173e-09  6.482700e-09  6.666968e-09  6.885877e-09  -2.617803e-09  1.350502e-08  1.384292e-08  1.794458e-08  2.302416e-08
E_FREQ

B_FREQ 3.162278e+01
  9.505859e-08  3.930382e-08  8.703706e-08  3.868547e-08  1.126208e-09  5.772242e-09  5.443741e-09  6.397616e-09  5.616723e-09
  3.930382e-08  9.452402e-08  3.870512e-08  8.645808e-08  2.295570e-08  4.416768e-09  4.768326e-09  5.028013e-09  5.782921e-09
  8.703706e-08  3.870512e-08  9.626193e-08  3.809955e-08  6.363425e-10  5.389040e-09  5.099961e-09  6.778221e-09  5.947221e-09
  3.868547e-08  8.645808e-08  3.809955e-08  9.572382e-08  2.292724e-08  4.097945e-09  4.405113e-09  5.337454e-09  6.142280e-09
  1.126208e-09  2.295570e-08  6.363425e-10  2.292724e-08  1.210713e-07  -3.741264e-09  -3.650775e-09  -7.459286e-10  -2.338548e-09
  5.772242e-09  4.416768e-09  5.389040e-09  4.097945e-09  -3.741264e-09  2.109309e-08  1.730989e-08  1.219994e-08  1.204379e-08
  5.443741e-09  4.768326e-09  5.099961e-09  4.405113e-09  -3.650775e-09  1.730989e-08  2.248322e-08  1.233295e-08  1.234497e-08
  6.397616e-09  5.028013e-09  6.778221e-09  5.337454e-09  -7.459286e-10  1.219994e-08  1.233295e-08  2.028380e-08  1.600516e-08
  5.616723e-09  5.782921e-09  5.947221e-09  6.142280e-09  -2.338548e-09  1.204379e-08  1.234497e-08  1.600516e-08  2.053276e-08
E_FREQ

B_FREQ 3.981072e+01
  8.474560e-08  3.504677e-08  7.759576e-08  3.449559e-08  1.011646e-09  5.149676e-09  4.856883e-09  5.707175e-09  5.011162e-09
  3.504677e-08  8.426917e-08  3.451311e-08  7.707975e-08  2.047219e-08  3.941440e-09  4.254783e-09  4.486394e-09  5.159243e-09
  7.759576e-08  3.451311e-08  8.581823e-08  3.397331e-08  5.749761e-10  4.808119e-09  4.550461e-09  6.046419e-09  5.305747e-09
  3.449559e-08  7.707975e-08  3.397331e-08  8.533864e-08  2.044685e-08  3.657261e-09  3.931040e-09  4.762209e-09  5.479549e-09
  1.011646e-09  2.047219e-08  5.749761e-10  2.044685e-08  1.079377e-07  -3.336268e-09  -3.255622e-09  -6.700228e-10  -2.089662e-09
  5.149676e-09  3.941440e-09  4.808119e-09  3.657261e-09  -3.336268e-09  1.881234e-08  1.544022e-08  1.088064e-08  1.074147e-08
  4.856883e-09  4.254783e-09  4.550461e-09  3.931040e-09  -3.255622e-09  1.544022e-08  2.005146e-08  1.099921e-08  1.100992e-08
  5.707175e-09  4.486394e-09  6.046419e-09  4.762209e-09  -6.700228e-10  1.088064e-08  1.099921e-08  1.809040e-08  1.427665e-08
  5.011162e-09  5.159243e-09  5.305747e-09  5.479549e-09  -2.089662e-09  1.074147e-08  1.100992e-08  1.427665e-08  1.831230e-08
E_FREQ

B_FREQ 5.011872e+01
  7.555413e-08  3.125267e-08  6.918120e-08  3.076136e-08  9.095421e-10  4.594814e-09  4.333845e-09  5.091819e-09  4.471455e-09
  3.125267e-08  7.512952e-08  3.077697e-08  6.872130e-08  1.825875e-08  3.517803e-09  3.797087e-09  4.003675e-09  4.603389e-09
  6.918120e-08  3.077697e-08  7.651027e-08  3.029579e-08  5.202832e-10  4.290372e-09  4.060719e-09  5.394201e-09  4.734032e-09
  3.076136e-08  6.872130e-08  3.029579e-08  7.608284e-08  1.823620e-08  3.264501e-09  3.508523e-09  4.249522e-09  4.888889e-09
  9.095421e-10  1.825875e-08  5.202832e-10  1.823620e-08  9.623236e-08  -2.975314e-09  -2.903441e-09  -6.023717e-10  -1.867842e-09
  4.594814e-09  3.517803e-09  4.290372e-09  3.264501e-09  -2.975314e-09  1.677962e-08  1.377388e-08  9.704816e-09  9.580767e-09
  4.333845e-09  3.797087e-09  4.060719e-09  3.508523e-09  -2.903441e-09  1.377388e-08  1.788415e-08  9.810516e-09  9.820052e-09
  5.091819e-09  4.003675e-09  5.394201e-09  4.249522e-09  -6.023717e-10  9.704816e-09  9.810516e-09  1.613552e-08  1.273611e-08
  4.471455e-09  4.603389e-09  4.734032e-09  4.888889e-09  -1.867842e-09  9.580767e-09  9.820052e-09  1.273611e-08  1.633332e-08
E_FREQ

B_FREQ 6.309573e+01
  6.736223e-08  2.787118e-08  6.168171e-08  2.743321e-08  8.185421e-10  4.100293e-09  3.867687e-09  4.543383e-09  3.990441e-09
  2.787118e-08  6.698380e-08  2.744713e-08  6.127183e-08  1.628603e-08  3.140236e-09  3.389165e-09  3.573452e-09  4.107983e-09
  6.168171e-08  2.744713e-08  6.821454e-08  2.701821e-08  4.715381e-10  3.828930e-09  3.624235e-09  4.812910e-09  4.224491e-09
  2.743321e-08  6.127183e-08  2.701821e-08  6.783360e-08  1.626595e-08  2.914453e-09  3.131953e-09  3.792588e-09  4.362463e-09
  8.185421e-10  1.628603e-08  4.715381e-10  1.626595e-08  8.579997e-08  -2.653614e-09  -2.589560e-09  -5.420776e-10  -1.670145e-09
  4.100293e-09  3.140236e-09  3.828930e-09  2.914453e-09  -2.653614e-09  1.496796e-08  1.228876e-08  8.656861e-09  8.546293e-09
  3.867687e-09  3.389165e-09  3.624235e-09  3.131953e-09  -2.589560e-09  1.228876e-08  1.595253e-08  8.751088e-09  8.759583e-09
  4.543383e-09  3.573452e-09  4.812910e-09  3.792588e-09  -5.420776e-10  8.656861e-09  8.751088e-09  1.439324e-08  1.136311e-08
  3.990441e-09  4.107983e-09  4.224491e-09  4.362463e-09  -1.670145e-09  8.546293e-09  8.759583e-09  1.136311e-08  1.456954e-08
E_FREQ

B_FREQ 7.943282e+01
  6.006118e-08  2.485742e-08  5.499779e-08  2.446701e-08  7.374383e-10  3.659550e-09  3.452224e-09  4.054589e-09  3.561737e-09
  2.485742e-08  5.972392e-08  2.447941e-08  5.463248e-08  1.452783e-08  2.803729e-09  3.025605e-09  3.190015e-09  3.666453e-09
  5.499779e-08  2.447941e-08  6.082096e-08  2.409705e-08  4.280940e-10  3.417669e-09  3.235219e-09  4.294834e-09  3.770361e-09
  2.446701e-08  5.463248e-08  2.409705e-08  6.048146e-08  1.450997e-08  2.602472e-09  2.796336e-09  3.385346e-09  3.893285e-09
  7.374383e-10  1.452783e-08  4.280940e-10  1.450997e-08  7.650210e-08  -2.366899e-09  -2.309812e-09  -4.883404e-10  -1.493947e-09
  3.659550e-09  2.803729e-09  3.417669e-09  2.602472e-09  -2.366899e-09  1.335331e-08  1.096513e-08  7.722870e-09  7.624317e-09
  3.452224e-09  3.025605e-09  3.235219e-09  2.796336e-09  -2.309812e-09  1.096513e-08  1.423097e-08  7.806872e-09  7.814439e-09
  4.054589e-09  3.190015e-09  4.294834e-09  3.385346e-09  -4.883404e-10  7.722870e-09  7.806872e-09  1.284043e-08  1.013942e-08
  3.561737e-09  3.666453e-09  3.770361e-09  3.893285e-09  -1.493947e-09  7.624317e-09  7.814439e-09  1.013942e-08  1.299758e-08
E_FREQ

B_FREQ 1.000000e+02
  5.355412e-08  2.217140e-08  4.904073e-08  2.182337e-08  6.651544e-10  3.266738e-09  3.081941e-09  3.618950e-09  3.179654e-09
  2.217140e-08  5.325354e-08  2.183442e-08  4.871515e-08  1.296084e-08  2.503817e-09  2.701581e-09  2.848277e-09  3.272938e-09
  4.904073e-08  2.183442e-08  5.423143e-08  2.149357e-08  3.893744e-10  3.051132e-09  2.888508e-09  3.833098e-09  3.365618e-09
  2.182337e-08  4.871515e-08  2.149357e-08  5.392885e-08  1.294495e-08  2.324419e-09  2.497216e-09  3.022391e-09  3.475130e-09
  6.651544e-10  1.296084e-08  3.893744e-10  1.294495e-08  6.821536e-08  -2.111364e-09  -2.060488e-09  -4.404471e-10  -1.336910e-09
  3.266738e-09  2.503817e-09  3.051132e-09  2.324419e-09  -2.111364e-09  1.191426e-08  9.785456e-09  6.890450e-09  6.802606e-09
  3.081941e-09  2.701581e-09  2.888508e-09  2.497216e-09  -2.060488e-09  9.785456e-09  1.269663e-08  6.965338e-09  6.972079e-09
  3.618950e-09  2.848277e-09  3.833098e-09  3.022391e-09  -4.404471e-10  6.890450e-09  6.965338e-09  1.145648e-08  9.048804e-09
  3.179654e-09  3.272938e-09  3.365618e-09  3.475130e-09  -1.336910e-09  6.802606e-09  6.972079e-09  9.048804e-09  1.159656e-08
E_FREQ

B_FREQ 1.258925e+02
  4.775470e-08  1.977749e-08  4.373150e-08  1.946723e-08  6.007313e-10  2.916643e-09  2.751927e-09  3.230687e-09  2.839122e-09
  1.977749e-08  4.748681e-08  1.947708e-08  4.344133e-08  1.156426e-08  2.236520e-09  2.412795e-09  2.543702e-09  2.922218e-09
  4.373150e-08  1.947708e-08  4.835850e-08  1.917322e-08  3.548656e-10  2.724456e-09  2.579501e-09  3.421576e-09  3.004891e-09
  1.946723e-08  4.344133e-08  1.917322e-08  4.808884e-08  1.155013e-08  2.076604e-09  2.230626e-09  2.698907e-09  3.102449e-09
  6.007313e-10  1.156426e-08  3.548656e-10  1.155013e-08  6.082979e-08  -1.883617e-09  -1.838276e-09  -3.977622e-10  -1.196951e-09
  2.916643e-09  2.236520e-09  2.724456e-09  2.076604e-09  -1.883617e-09  1.063170e-08  8.734067e-09  6.148555e-09  6.070254e-09
  2.751927e-09  2.412795e-09  2.579501e-09  2.230626e-09  -1.838276e-09  8.734067e-09  1.132915e-08  6.215321e-09  6.221325e-09
  3.230687e-09  2.543702e-09  3.421576e-09  2.698907e-09  -3.977622e-10  6.148555e-09  6.215321e-09  1.022304e-08  8.076791e-09
  2.839122e-09  2.922218e-09  3.004891e-09  3.102449e-09  -1.196951e-09  6.070254e-09  6.221325e-09  8.076791e-09  1.034791e-08
E_FREQ

B_FREQ 1.584893e+02
  4.258596e-08  1.764391e-08  3.899964e-08  1.736731e-08  5.433142e-10  2.604621e-09  2.457801e-09  2.884647e-09  2.535623e-09
  1.764391e-08  4.234721e-08  1.737609e-08  3.874103e-08  1.031956e-08  1.998291e-09  2.155413e-09  2.272249e-09  2.609638e-09
  3.899964e-08  1.737609e-08  4.312425e-08  1.710520e-08  3.241095e-10  2.433305e-09  2.304099e-09  3.054806e-09  2.683392e-09
  1.736731e-08  3.874103e-08  1.710520e-08  4.288392e-08  1.030699e-08  1.855738e-09  1.993027e-09  2.410602e-09  2.770296e-09
  5.433142e-10  1.031956e-08  3.241095e-10  1.030699e-08  5.424740e-08  -1.680638e-09  -1.640231e-09  -3.597192e-10  -1.072213e-09
  2.604621e-09  1.998291e-09  2.433305e-09  1.855738e-09  -1.680638e-09  9.488614e-09  7.797015e-09  5.487341e-09  5.417545e-09
  2.457801e-09  2.155413e-09  2.304099e-09  1.993027e-09  -1.640231e-09  7.797015e-09  1.011038e-08  5.546867e-09  5.552214e-09
  2.884647e-09  2.272249e-09  3.054806e-09  2.410602e-09  -3.597192e-10  5.487341e-09  5.546867e-09  9.123735e-09  7.210485e-09
  2.535623e-09  2.609638e-09  2.683392e-09  2.770296e-09  -1.072213e-09  5.417545e-09  5.552214e-09  7.210485e-09  9.235042e-09
E_FREQ

B_FREQ 1.995262e+02
  3.797931e-08  1.574235e-08  3.478237e-08  1.549576e-08  4.921411e-10  2.326532e-09  2.195661e-09  2.576239e-09  2.265129e-09
  1.574235e-08  3.776653e-08  1.550359e-08  3.455189e-08  9.210211e-09  1.785970e-09  1.926022e-09  2.030317e-09  2.331051e-09
  3.478237e-08  1.550359e-08  3.845922e-08  1.526208e-08  2.966981e-10  2.173817e-09  2.058646e-09  2.727922e-09  2.396856e-09
  1.549576e-08  3.455189e-08  1.526208e-08  3.824503e-08  9.199040e-09  1.658892e-09  1.781266e-09  2.153649e-09  2.474265e-09
  4.921411e-10  9.210211e-09  2.966981e-10  9.199040e-09  4.838084e-08  -1.499733e-09  -1.463722e-09  -3.258133e-10  -9.610393e-10
  2.326532e-09  1.785970e-09  2.173817e-09  1.658892e-09  -1.499733e-09  8.469842e-09  6.961867e-09  4.898032e-09  4.835818e-09
  2.195661e-09  1.926022e-09  2.058646e-09  1.781266e-09  -1.463722e-09  6.961867e-09  9.024152e-09  4.951107e-09  4.955868e-09
  2.576239e-09  2.030317e-09  2.727922e-09  2.153649e-09  -3.258133e-10  4.898032e-09  4.951107e-09  8.143978e-09  6.438388e-09
  2.265129e-09  2.331051e-09  2.396856e-09  2.474265e-09  -9.610393e-10  4.835818e-09  4.955868e-09  6.438388e-09  8.243199e-09
E_FREQ

B_FREQ 2.511886e+02
  3.387364e-08  1.404759e-08  3.102372e-08  1.382774e-08  4.465330e-10  2.078684e-09  1.962029e-09  2.301369e-09  2.024051e-09
  1.404759e-08  3.368400e-08  1.383471e-08  3.081831e-08  8.221506e-09  1.596738e-09  1.721577e-09  1.814695e-09  2.082760e-09
  3.102372e-08  1.383471e-08  3.430150e-08  1.361940e-08  2.722677e-10  1.942548e-09  1.839886e-09  2.436587e-09  2.141480e-09
  1.382774e-08  3.081831e-08  1.361940e-08  3.411061e-08  8.211579e-09  1.483452e-09  1.592535e-09  1.924640e-09  2.210427e-09
  4.465330e-10  8.221506e-09  2.722677e-10  8.211579e-09  4.315226e-08  -1.338501e-09  -1.306409e-09  -2.955947e-10  -8.619559e-10
  2.078684e-09  1.596738e-09  1.942548e-09  1.483452e-09  -1.338501e-09  7.561859e-09  6.217540e-09  4.372811e-09  4.317353e-09
  1.962029e-09  1.721577e-09  1.839886e-09  1.592535e-09  -1.306409e-09  6.217540e-09  8.056049e-09  4.420135e-09  4.424375e-09
  2.301369e-09  1.814695e-09  2.436587e-09  1.924640e-09  -2.955947e-10  4.372811e-09  4.420135e-09  7.270768e-09  5.750256e-09
  2.024051e-09  2.082760e-09  2.141480e-09  2.210427e-09  -8.619559e-10  4.317353e-09  4.424375e-09  5.750256e-09  7.359218e-09
E_FREQ

B_FREQ 3.162278e+02
  3.021445e-08  1.253713e-08  2.767382e-08  1.234111e-08  4.058848e-10  1.857789e-09  1.753804e-09  2.056392e-09  1.809190e-09
  1.253713e-08  3.004544e-08  1.234733e-08  2.749075e-08  7.340322e-09  1.428085e-09  1.539365e-09  1.622521e-09  1.861471e-09
  2.767382e-08  1.234733e-08  3.059594e-08  1.215535e-08  2.504941e-10  1.736430e-09  1.644916e-09  2.176934e-09  1.913876e-09
  1.234111e-08  2.749075e-08  1.215535e-08  3.042581e-08  7.331504e-09  1.327091e-09  1.424327e-09  1.720535e-09  1.975281e-09
  4.058848e-10  7.340322e-09  2.504941e-10  7.331504e-09  3.849228e-08  -1.194803e-09  -1.166203e-09  -2.686623e-10  -7.736478e-10
  1.857789e-09  1.428085e-09  1.736430e-09  1.327091e-09  -1.194803e-09  6.752619e-09  5.554158e-09  3.904707e-09  3.855271e-09
  1.753804e-09  1.539365e-09  1.644916e-09  1.424327e-09  -1.166203e-09  5.554158e-09  7.193227e-09  3.946906e-09  3.950681e-09
  2.056392e-09  1.622521e-09  2.176934e-09  1.720535e-09  -2.686623e-10  3.904707e-09  3.946906e-09  6.492519e-09  5.136957e-09
  1.809190e-09  1.861471e-09  1.913876e-09  1.975281e-09  -7.736478e-10  3.855271e-09  3.950681e-09  5.136957e-09  6.571370e-09
E_FREQ

B_FREQ 3.981072e+02
  2.695319e-08  1.119094e-08  2.468822e-08  1.101615e-08  3.696571e-10  1.660917e-09  1.568223e-09  1.838055e-09  1.617694e-09
  1.119094e-08  2.680257e-08  1.102170e-08  2.452506e-08  6.554966e-09  1.277773e-09  1.376969e-09  1.451246e-09  1.664247e-09
  2.468822e-08  1.102170e-08  2.729335e-08  1.085052e-08  2.310883e-10  1.552726e-09  1.471149e-09  1.945518e-09  1.711024e-09
  1.101615e-08  2.452506e-08  1.085052e-08  2.714173e-08  6.547136e-09  1.187735e-09  1.274412e-09  1.538627e-09  1.765707e-09
  3.696571e-10  6.554966e-09  2.310883e-10  6.547136e-09  3.433907e-08  -1.066732e-09  -1.041245e-09  -2.446588e-10  -6.949431e-10
  1.660917e-09  1.277773e-09  1.552726e-09  1.187735e-09  -1.066732e-09  6.031384e-09  4.962918e-09  3.487508e-09  3.443439e-09
  1.568223e-09  1.376969e-09  1.471149e-09  1.274412e-09  -1.041245e-09  4.962918e-09  6.424235e-09  3.525140e-09  3.528500e-09
  1.838055e-09  1.451246e-09  1.945518e-09  1.538627e-09  -2.446588e-10  3.487508e-09  3.525140e-09  5.798904e-09  4.590355e-09
  1.617694e-09  1.664247e-09  1.711024e-09  1.765707e-09  -6.949431e-10  3.443439e-09  3.528500e-09  4.590355e-09  5.869199e-09
E_FREQ

B_FREQ 5.011872e+02
  2.404659e-08  9.991137e-09  2.202730e-08  9.835286e-09  3.373690e-10  1.485454e-09  1.402824e-09  1.643463e-09  1.447024e-09
  9.991137e-09  2.391236e-08  9.840228e-09  2.188189e-08  5.855017e-09  1.143807e-09  1.232233e-09  1.298597e-09  1.488470e-09
  2.202730e-08  9.840228e-09  2.434991e-08  9.687588e-09  2.137929e-10  1.389000e-09  1.316279e-09  1.739268e-09  1.530232e-09
  9.835286e-09  2.188189e-08  9.687588e-09  2.421479e-08  5.848067e-09  1.063533e-09  1.140801e-09  1.376501e-09  1.578924e-09
  3.373690e-10  5.855017e-09  2.137929e-10  5.848067e-09  3.063752e-08  -9.525887e-10  -9.298752e-10  -2.232656e-10  -6.247974e-10
  1.485454e-09  1.143807e-09  1.389000e-09  1.063533e-09  -9.525887e-10  5.388581e-09  4.435975e-09  3.115680e-09  3.076394e-09
  1.402824e-09  1.232233e-09  1.316279e-09  1.140801e-09  -9.298752e-10  4.435975e-09  5.738871e-09  3.149241e-09  3.152232e-09
  1.643463e-09  1.298597e-09  1.739268e-09  1.376501e-09  -2.232656e-10  3.115680e-09  3.149241e-09  5.180718e-09  4.103195e-09
  1.447024e-09  1.488470e-09  1.530232e-09  1.578924e-09  -6.247974e-10  3.076394e-09  3.152232e-09  4.103195e-09  5.243389e-09
E_FREQ

B_FREQ 6.309573e+02
  2.145609e-08  8.921814e-09  1.965576e-08  8.782835e-09  3.085923e-10  1.329073e-09  1.255412e-09  1.470032e-09  1.294914e-09
  8.921814e-09  2.133646e-08  8.787241e-09  1.952616e-08  5.231186e-09  1.024410e-09  1.103236e-09  1.162548e-09  1.331809e-09
  1.965576e-08  8.787241e-09  2.172657e-08  8.651124e-09  1.983784e-10  1.243079e-09  1.178250e-09  1.555448e-09  1.369101e-09
  8.782835e-09  1.952616e-08  8.651124e-09  2.160615e-08  5.225021e-09  9.528381e-10  1.021719e-09  1.232006e-09  1.412453e-09
  3.085923e-10  5.231186e-09  1.983784e-10  5.225021e-09  2.733851e-08  -8.508582e-10  -8.306172e-10  -2.041989e-10  -5.622800e-10
  1.329073e-09  1.024410e-09  1.243079e-09  9.528381e-10  -8.508582e-10  4.815683e-09  3.966337e-09  2.784288e-09  2.749265e-09
  1.255412e-09  1.103236e-09  1.178250e-09  1.021719e-09  -8.306172e-10  3.966337e-09  5.128039e-09  2.814221e-09  2.816882e-09
  1.470032e-09  1.162548e-09  1.555448e-09  1.232006e-09  -2.041989e-10  2.784288e-09  2.814221e-09  4.629760e-09  3.669013e-09
  1.294914e-09  1.331809e-09  1.369101e-09  1.412453e-09  -5.622800e-10  2.749265e-09  2.816882e-09  3.669013e-09  4.685635e-09
E_FREQ

B_FREQ 7.943282e+02
  1.914730e-08  7.968780e-09  1.754211e-08  7.844838e-09  2.829450e-10  1.189698e-09  1.124031e-09  1.315462e-09  1.159346e-09
  7.968780e-09  1.904068e-08  7.848765e-09  1.742661e-08  4.675197e-09  9.179973e-10  9.882684e-10  1.041295e-09  1.192185e-09
  1.754211e-08  7.848765e-09  1.938852e-08  7.727374e-09  1.846402e-10  1.113027e-09  1.055233e-09  1.391618e-09  1.225493e-09
  7.844838e-09  1.742661e-08  7.727374e-09  1.928120e-08  4.669731e-09  8.541811e-10  9.155874e-10  1.103224e-09  1.264086e-09
  2.829450e-10  4.675197e-09  1.846402e-10  4.669731e-09  2.439826e-08  -7.601909e-10  -7.421534e-10  -1.872058e-10  -5.065614e-10
  1.189698e-09  9.179973e-10  1.113027e-09  8.541811e-10  -7.601909e-10  4.305087e-09  3.547771e-09  2.488934e-09  2.457710e-09
  1.124031e-09  9.882684e-10  1.055233e-09  9.155874e-10  -7.421534e-10  3.547771e-09  4.583635e-09  2.515633e-09  2.518001e-09
  1.315462e-09  1.041295e-09  1.391618e-09  1.103224e-09  -1.872058e-10  2.488934e-09  2.515633e-09  4.138718e-09  3.282048e-09
  1.159346e-09  1.192185e-09  1.225493e-09  1.264086e-09  -5.065614e-10  2.457710e-09  2.518001e-09  3.282048e-09  4.188536e-09
E_FREQ

B_FREQ 1.000000e+03
  1.708958e-08  7.119387e-09  1.565833e-08  7.008846e-09  2.600868e-10  1.065479e-09  1.006937e-09  1.177701e-09  1.038521e-09
  7.119387e-09  1.699457e-08  7.012347e-09  1.555539e-08  4.179671e-09  8.231568e-10  8.858031e-10  9.332278e-10  1.067745e-09
  1.565833e-08  7.012347e-09  1.730472e-08  6.904082e-09  1.723960e-10  9.971182e-10  9.455930e-10  1.245604e-09  1.097502e-09
  7.008846e-09  1.555539e-08  6.904082e-09  1.720908e-08  4.174829e-09  7.662530e-10  8.209975e-10  9.884479e-10  1.131854e-09
  2.600868e-10  4.179671e-09  1.723960e-10  4.174829e-09  2.177776e-08  -6.793835e-10  -6.633099e-10  -1.720606e-10  -4.569021e-10
  1.065479e-09  8.231568e-10  9.971182e-10  7.662530e-10  -6.793835e-10  3.850018e-09  3.174724e-09  2.225700e-09  2.197862e-09
  1.006937e-09  8.858031e-10  9.455930e-10  8.209975e-10  -6.633099e-10  3.174724e-09  4.098435e-09  2.249517e-09  2.251624e-09
  1.177701e-09  9.332278e-10  1.245604e-09  9.884479e-10  -1.720606e-10  2.225700e-09  2.249517e-09  3.701076e-09  2.937165e-09
  1.038521e-09  1.067745e-09  1.097502e-09  1.131854e-09  -4.569021e-10  2.197862e-09  2.251624e-09  2.937165e-09  3.745496e-09
E_FREQ

B_FREQ 1.258925e+03
  1.525564e-08  6.362364e-09  1.397940e-08  6.263768e-09  2.397145e-10  9.547698e-10  9.025775e-10  1.054921e-09  9.308352e-10
  6.362364e-09  1.517097e-08  6.266889e-09  1.388766e-08  3.738033e-09  7.386301e-10  7.944808e-10  8.369128e-10  9.568372e-10
  1.397940e-08  6.266889e-09  1.544754e-08  6.170321e-09  1.614833e-10  8.938141e-10  8.478765e-10  1.115470e-09  9.834298e-10
  6.263768e-09  1.388766e-08  6.170321e-09  1.536231e-08  3.733746e-09  6.878870e-10  7.366941e-10  8.861533e-10  1.014002e-09
  2.397145e-10  3.738033e-09  1.614833e-10  3.733746e-09  1.944224e-08  -6.073638e-10  -5.930406e-10  -1.585624e-10  -4.126432e-10
  9.547698e-10  7.386301e-10  8.938141e-10  6.878870e-10  -6.073638e-10  3.444438e-09  2.842246e-09  1.991092e-09  1.966273e-09
  9.025775e-10  7.944808e-10  8.478765e-10  7.366941e-10  -5.930406e-10  2.842246e-09  3.665999e-09  2.012341e-09  2.014214e-09
  1.054921e-09  8.369128e-10  1.115470e-09  8.861533e-10  -1.585624e-10  1.991092e-09  2.012341e-09  3.311028e-09  2.629787e-09
  9.308352e-10  9.568372e-10  9.834298e-10  1.014002e-09  -4.126432e-10  1.966273e-09  2.014214e-09  2.629787e-09  3.350636e-09
E_FREQ

B_FREQ 1.584893e+03
  1.362114e-08  5.687668e-09  1.248306e-08  5.599717e-09  2.215576e-10  8.560998e-10  8.095668e-10  9.454936e-10  8.348603e-10
  5.687668e-09  1.354568e-08  5.602500e-09  1.240129e-08  3.344422e-09  6.632956e-10  7.130897e-10  7.510719e-10  8.579909e-10
  1.248306e-08  5.602500e-09  1.379233e-08  5.516357e-09  1.517574e-10  8.017442e-10  7.607866e-10  9.994868e-10  8.817629e-10
  5.599717e-09  1.240129e-08  5.516357e-09  1.371637e-08  3.340631e-09  6.180433e-10  6.615587e-10  7.949831e-10  9.089659e-10
  2.215576e-10  3.344422e-09  1.517574e-10  3.340631e-09  1.736071e-08  -5.431762e-10  -5.304130e-10  -1.465321e-10  -3.731974e-10
  8.560998e-10  6.632956e-10  8.017442e-10  6.180433e-10  -5.431762e-10  3.082963e-09  2.545924e-09  1.781997e-09  1.759868e-09
  8.095668e-10  7.130897e-10  7.607866e-10  6.615587e-10  -5.304130e-10  2.545924e-09  3.280590e-09  1.800957e-09  1.802623e-09
  9.454936e-10  7.510719e-10  9.994868e-10  7.949831e-10  -1.465321e-10  1.781997e-09  1.800957e-09  2.963397e-09  2.355837e-09
