B_LMATS  180
B_FREQ 0.000000e+00
  2.576756e-09  1.853463e-09  -1.609601e-09  2.878387e-10  2.087181e-09  1.786764e-09  1.897663e-09  1.897684e-09  1.897667e-09  1.897691e-09  1.897712e-09  1.897649e-09  1.897677e-09  1.897671e-09  1.897675e-09  1.186355e-09  1.194598e-09
  1.853463e-09  2.635031e-09  -1.671832e-09  3.380446e-10  1.844968e-09  1.750087e-09  2.010105e-09  2.010139e-09  2.010116e-09  2.010148e-09  2.010158e-09  2.010111e-09  2.010114e-09  2.010093e-09  2.010096e-09  1.192829e-09  1.201105e-09
  -1.609601e-09  -1.671832e-09  1.929455e-09  1.242581e-10  -1.617028e-09  -1.527985e-09  -1.805426e-09  -1.805451e-09  -1.805427e-09  -1.805469e-09  -1.805489e-09  -1.805433e-09  -1.805446e-09  -1.805450e-09  -1.805452e-09  -1.136054e-09  -1.138533e-09
  2.878387e-10  3.380446e-10  1.242581e-10  7.360434e-10  2.830798e-10  2.149168e-10  6.047333e-10  6.033755e-10  6.061355e-10  5.983856e-10  5.982228e-10  5.935205e-10  6.017175e-10  5.957440e-10  5.969183e-10  6.967263e-11  7.544198e-11
  2.087181e-09  1.844968e-09  -1.617028e-09  2.830798e-10  2.813824e-09  1.762912e-09  1.900333e-09  1.900353e-09  1.900336e-09  1.900361e-09  1.900381e-09  1.900318e-09  1.900347e-09  1.900340e-09  1.900345e-09  1.188800e-09  1.197028e-09
  1.786764e-09  1.750087e-09  -1.527985e-09  2.149168e-10  1.762912e-09  2.341941e-09  1.743110e-09  1.743132e-09  1.743114e-09  1.743143e-09  1.743160e-09  1.743109e-09  1.743124e-09  1.743118e-09  1.743121e-09  1.177762e-09  1.186094e-09
  1.897663e-09  2.010105e-09  -1.805426e-09  6.047333e-10  1.900333e-09  1.743110e-09  2.631538e-09  2.461354e-09  2.494063e-09  2.445682e-09  2.452012e-09  2.435022e-09  2.518800e-09  2.446625e-09  2.454399e-09  1.205877e-09  1.214125e-09
  1.897684e-09  2.010139e-09  -1.805451e-09  6.033755e-10  1.900353e-09  1.743132e-09  2.461354e-09  2.713112e-09  2.522068e-09  2.482668e-09  2.467198e-09  2.442032e-09  2.452354e-09  2.442420e-09  2.443394e-09  1.205894e-09  1.214143e-09
  1.897667e-09  2.010116e-09  -1.805427e-09  6.061355e-10  1.900336e-09  1.743114e-09  2.494063e-09  2.522068e-09  2.683750e-09  2.448330e-09  2.444259e-09  2.427625e-09  2.460562e-09  2.432028e-09  2.435252e-09  1.205878e-09  1.214127e-09
  1.897691e-09  2.010148e-09  -1.805469e-09  5.983856e-10  1.900361e-09  1.743143e-09  2.445682e-09  2.482668e-09  2.448330e-09  2.648260e-09  2.508387e-09  2.477731e-09  2.458283e-09  2.467382e-09  2.465131e-09  1.205907e-09  1.214155e-09
  1.897712e-09  2.010158e-09  -1.805489e-09  5.982228e-10  1.900381e-09  1.743160e-09  2.452012e-09  2.467198e-09  2.444259e-09  2.508387e-09  2.619417e-09  2.476377e-09  2.471647e-09  2.481382e-09  2.480535e-09  1.205918e-09  1.214167e-09
  1.897649e-09  2.010111e-09  -1.805433e-09  5.935205e-10  1.900318e-09  1.743109e-09  2.435022e-09  2.442032e-09  2.427625e-09  2.477731e-09  2.476377e-09  2.687460e-09  2.450968e-09  2.487383e-09  2.471828e-09  1.205888e-09  1.214136e-09
  1.897677e-09  2.010114e-09  -1.805446e-09  6.017175e-10  1.900347e-09  1.743124e-09  2.518800e-09  2.452354e-09  2.460562e-09  2.458283e-09  2.471647e-09  2.450968e-09  2.670943e-09  2.469680e-09  2.483397e-09  1.205889e-09  1.214138e-09
  1.897671e-09  2.010093e-09  -1.805450e-09  5.957440e-10  1.900340e-09  1.743118e-09  2.446625e-09  2.442420e-09  2.432028e-09  2.467382e-09  2.481382e-09  2.487383e-09  2.469680e-09  2.653143e-09  2.530811e-09  1.205891e-09  1.214139e-09
  1.897675e-09  2.010096e-09  -1.805452e-09  5.969183e-10  1.900345e-09  1.743121e-09  2.454399e-09  2.443394e-09  2.435252e-09  2.465131e-09  2.480535e-09  2.471828e-09  2.483397e-09  2.530811e-09  2.675178e-09  1.205891e-09  1.214140e-09
  1.186355e-09  1.192829e-09  -1.136054e-09  6.967263e-11  1.188800e-09  1.177762e-09  1.205877e-09  1.205894e-09  1.205878e-09  1.205907e-09  1.205918e-09  1.205888e-09  1.205889e-09  1.205891e-09  1.205891e-09  1.352687e-09  1.278638e-09
  1.194598e-09  1.201105e-09  -1.138533e-09  7.544198e-11  1.197028e-09  1.186094e-09  1.214125e-09  1.214143e-09  1.214127e-09  1.214155e-09  1.214167e-09  1.214136e-09  1.214138e-09  1.214139e-09  1.214140e-09  1.278638e-09  1.325141e-09
E_FREQ

B_FREQ 1.000000e+00
  1.529673e-06  1.359762e-06  -6.391738e-07  7.635685e-07  1.377901e-06  1.288791e-06  1.403114e-06  1.403147e-06  1.403151e-06  1.403118e-06  1.403141e-06  1.403017e-06  1.403109e-06  1.403057e-06  1.403062e-06  1.063938e-06  1.104721e-06
  1.359762e-06  1.622695e-06  -6.405344e-07  7.900700e-07  1.360953e-06  1.301187e-06  1.430953e-06  1.431010e-06  1.431007e-06  1.430979e-06  1.430981e-06  1.430874e-06  1.430931e-06  1.430851e-06  1.430850e-06  1.069504e-06  1.110735e-06
  -6.391738e-07  -6.405344e-07  9.160903e-07  2.245744e-07  -6.461215e-07  -6.107406e-07  -6.918873e-07  -6.919312e-07  -6.918987e-07  -6.919850e-07  -6.920116e-07  -6.919571e-07  -6.919296e-07  -6.919747e-07  -6.919554e-07  -4.793090e-07  -4.932846e-07
  7.635685e-07  7.900700e-07  2.245744e-07  1.196401e-06  7.574621e-07  7.223073e-07  9.552769e-07  9.522770e-07  9.581915e-07  9.423604e-07  9.417537e-07  9.350393e-07  9.486995e-07  9.369695e-07  9.387803e-07  6.138114e-07  6.410160e-07
  1.377901e-06  1.360953e-06  -6.461215e-07  7.574621e-07  1.646351e-06  1.293400e-06  1.403960e-06  1.403995e-06  1.404001e-06  1.403963e-06  1.403983e-06  1.403856e-06  1.403952e-06  1.403897e-06  1.403903e-06  1.067497e-06  1.108193e-06
  1.288791e-06  1.301187e-06  -6.107406e-07  7.223073e-07  1.293400e-06  1.543610e-06  1.333396e-06  1.333433e-06  1.333431e-06  1.333413e-06  1.333430e-06  1.333326e-06  1.333392e-06  1.333344e-06  1.333346e-06  1.047006e-06  1.088163e-06
  1.403114e-06  1.430953e-06  -6.918873e-07  9.552769e-07  1.403960e-06  1.333396e-06  1.741019e-06  1.654182e-06  1.670094e-06  1.638813e-06  1.640919e-06  1.630595e-06  1.676588e-06  1.635806e-06  1.641379e-06  1.093393e-06  1.134577e-06
  1.403147e-06  1.431010e-06  -6.919312e-07  9.522770e-07  1.403995e-06  1.333433e-06  1.654182e-06  1.759169e-06  1.688175e-06  1.656901e-06  1.646452e-06  1.633358e-06  1.644596e-06  1.632328e-06  1.633742e-06  1.093421e-06  1.134605e-06
  1.403151e-06  1.431007e-06  -6.918987e-07  9.581915e-07  1.404001e-06  1.333431e-06  1.670094e-06  1.688175e-06  1.758427e-06  1.646786e-06  1.642327e-06  1.631579e-06  1.652219e-06  1.632939e-06  1.635589e-06  1.093415e-06  1.134599e-06
  1.403118e-06  1.430979e-06  -6.919850e-07  9.423604e-07  1.403963e-06  1.333413e-06  1.638813e-06  1.656901e-06  1.646786e-06  1.723206e-06  1.655113e-06  1.640438e-06  1.637783e-06  1.634111e-06  1.633717e-06  1.093412e-06  1.134595e-06
  1.403141e-06  1.430981e-06  -6.920116e-07  9.417537e-07  1.403983e-06  1.333430e-06  1.640919e-06  1.646452e-06  1.642327e-06  1.655113e-06  1.716502e-06  1.639975e-06  1.644016e-06  1.641173e-06  1.641414e-06  1.093425e-06  1.134609e-06
  1.403017e-06  1.430874e-06  -6.919571e-07  9.350393e-07  1.403856e-06  1.333326e-06  1.630595e-06  1.633358e-06  1.631579e-06  1.640438e-06  1.639975e-06  1.731923e-06  1.632864e-06  1.645606e-06  1.637210e-06  1.093353e-06  1.134533e-06
  1.403109e-06  1.430931e-06  -6.919296e-07  9.486995e-07  1.403952e-06  1.333392e-06  1.676588e-06  1.644596e-06  1.652219e-06  1.637783e-06  1.644016e-06  1.632864e-06  1.736105e-06  1.641817e-06  1.651119e-06  1.093393e-06  1.134576e-06
  1.403057e-06  1.430851e-06  -6.919747e-07  9.369695e-07  1.403897e-06  1.333344e-06  1.635806e-06  1.632328e-06  1.632939e-06  1.634111e-06  1.641173e-06  1.645606e-06  1.641817e-06  1.722569e-06  1.666163e-06  1.093363e-06  1.134544e-06
  1.403062e-06  1.430850e-06  -6.919554e-07  9.387803e-07  1.403903e-06  1.333346e-06  1.641379e-06  1.633742e-06  1.635589e-06  1.633717e-06  1.641414e-06  1.637210e-06  1.651119e-06  1.666163e-06  1.733067e-06  1.093364e-06  1.134546e-06
  1.063938e-06  1.069504e-06  -4.793090e-07  6.138114e-07  1.067497e-06  1.047006e-06  1.093393e-06  1.093421e-06  1.093415e-06  1.093412e-06  1.093425e-06  1.093353e-06  1.093393e-06  1.093363e-06  1.093364e-06  1.098247e-06  9.985874e-07
  1.104721e-06  1.110735e-06  -4.932846e-07  6.410160e-07  1.108193e-06  1.088163e-06  1.134577e-06  1.134605e-06  1.134599e-06  1.134595e-06  1.134609e-06  1.134533e-06  1.134576e-06  1.134544e-06  1.134546e-06  9.985874e-07  1.112842e-06
E_FREQ

B_FREQ 1.258925e+00
  1.363603e-06  1.212091e-06  -5.698393e-07  6.805625e-07  1.228283e-06  1.148831e-06  1.250733e-06  1.250762e-06  1.250766e-06  1.250737e-06  1.250757e-06  1.250646e-06  1.250728e-06  1.250682e-06  1.250687e-06  9.483647e-07  9.847134e-07
  1.212091e-06  1.446515e-06  -5.710587e-07  7.041874e-07  1.213151e-06  1.159875e-06  1.275557e-06  1.275608e-06  1.275605e-06  1.275580e-06  1.275582e-06  1.275486e-06  1.275538e-06  1.275466e-06  1.275465e-06  9.533259e-07  9.900738e-07
  -5.698393e-07  -5.710587e-07  8.166762e-07  2.001657e-07  -5.760322e-07  -5.444893e-07  -6.168415e-07  -6.168807e-07  -6.168517e-07  -6.169286e-07  -6.169523e-07  -6.169038e-07  -6.168793e-07  -6.169194e-07  -6.169022e-07  -4.273081e-07  -4.397642e-07
  6.805625e-07  7.041874e-07  2.001657e-07  1.066373e-06  6.751196e-07  6.437804e-07  8.514572e-07  8.487834e-07  8.540549e-07  8.399446e-07  8.394039e-07  8.334192e-07  8.455947e-07  8.351398e-07  8.367537e-07  5.470676e-07  5.713143e-07
  1.228283e-06  1.213151e-06  -5.760322e-07  6.751196e-07  1.467618e-06  1.152936e-06  1.251487e-06  1.251519e-06  1.251524e-06  1.251490e-06  1.251508e-06  1.251394e-06  1.251480e-06  1.251431e-06  1.251436e-06  9.515373e-07  9.878081e-07
  1.148831e-06  1.159875e-06  -5.444893e-07  6.437804e-07  1.152936e-06  1.375999e-06  1.188580e-06  1.188613e-06  1.188611e-06  1.188596e-06  1.188611e-06  1.188517e-06  1.188576e-06  1.188534e-06  1.188536e-06  9.332735e-07  9.699550e-07
  1.250733e-06  1.275557e-06  -6.168415e-07  8.514572e-07  1.251487e-06  1.188580e-06  1.551971e-06  1.474559e-06  1.488744e-06  1.460860e-06  1.462737e-06  1.453534e-06  1.494535e-06  1.458180e-06  1.463148e-06  9.746185e-07  1.011325e-06
  1.250762e-06  1.275608e-06  -6.168807e-07  8.487834e-07  1.251519e-06  1.188613e-06  1.474559e-06  1.568156e-06  1.504862e-06  1.476985e-06  1.467670e-06  1.455998e-06  1.466014e-06  1.455079e-06  1.456340e-06  9.746432e-07  1.011350e-06
  1.250766e-06  1.275605e-06  -6.168517e-07  8.540549e-07  1.251524e-06  1.188611e-06  1.488744e-06  1.504862e-06  1.567492e-06  1.467966e-06  1.463992e-06  1.454410e-06  1.472810e-06  1.455623e-06  1.457985e-06  9.746381e-07  1.011345e-06
  1.250737e-06  1.275580e-06  -6.169286e-07  8.399446e-07  1.251490e-06  1.188596e-06  1.460860e-06  1.476985e-06  1.467966e-06  1.536097e-06  1.475394e-06  1.462312e-06  1.459943e-06  1.456671e-06  1.456320e-06  9.746354e-07  1.011340e-06
  1.250757e-06  1.275582e-06  -6.169523e-07  8.394039e-07  1.251508e-06  1.188611e-06  1.462737e-06  1.467670e-06  1.463992e-06  1.475394e-06  1.530119e-06  1.461899e-06  1.465500e-06  1.462966e-06  1.463181e-06  9.746476e-07  1.011353e-06
  1.250646e-06  1.275486e-06  -6.169038e-07  8.334192e-07  1.251394e-06  1.188517e-06  1.453534e-06  1.455998e-06  1.454410e-06  1.462312e-06  1.461899e-06  1.543871e-06  1.455559e-06  1.466919e-06  1.459433e-06  9.745826e-07  1.011286e-06
  1.250728e-06  1.275538e-06  -6.168793e-07  8.455947e-07  1.251480e-06  1.188576e-06  1.494535e-06  1.466014e-06  1.472810e-06  1.459943e-06  1.465500e-06  1.455559e-06  1.547596e-06  1.463539e-06  1.471831e-06  9.746188e-07  1.011324e-06
  1.250682e-06  1.275466e-06  -6.169194e-07  8.351398e-07  1.251431e-06  1.188534e-06  1.458180e-06  1.455079e-06  1.455623e-06  1.456671e-06  1.462966e-06  1.466919e-06  1.463539e-06  1.535530e-06  1.485245e-06  9.745919e-07  1.011295e-06
  1.250687e-06  1.275465e-06  -6.169022e-07  8.367537e-07  1.251436e-06  1.188536e-06  1.463148e-06  1.456340e-06  1.457985e-06  1.456320e-06  1.463181e-06  1.459433e-06  1.471831e-06  1.485245e-06  1.544888e-06  9.745930e-07  1.011297e-06
  9.483647e-07  9.533259e-07  -4.273081e-07  5.470676e-07  9.515373e-07  9.332735e-07  9.746185e-07  9.746432e-07  9.746381e-07  9.746354e-07  9.746476e-07  9.745826e-07  9.746188e-07  9.745919e-07  9.745930e-07  9.789607e-07  8.901310e-07
  9.847134e-07  9.900738e-07  -4.397642e-07  5.713143e-07  9.878081e-07  9.699550e-07  1.011325e-06  1.011350e-06  1.011345e-06  1.011340e-06  1.011353e-06  1.011286e-06  1.011324e-06  1.011295e-06  1.011297e-06  8.901310e-07  9.919655e-07
E_FREQ

B_FREQ 1.584893e+00
  1.215592e-06  1.080479e-06  -5.080448e-07  6.065832e-07  1.094935e-06  1.024091e-06  1.114924e-06  1.114949e-06  1.114953e-06  1.114927e-06  1.114945e-06  1.114846e-06  1.114919e-06  1.114878e-06  1.114882e-06  8.453599e-07  8.777567e-07
  1.080479e-06  1.289495e-06  -5.091384e-07  6.276444e-07  1.081423e-06  1.033930e-06  1.137060e-06  1.137105e-06  1.137103e-06  1.137081e-06  1.137082e-06  1.136997e-06  1.137043e-06  1.136979e-06  1.136978e-06  8.497823e-07  8.825348e-07
  -5.080448e-07  -5.091384e-07  7.280732e-07  1.784114e-07  -5.135651e-07  -4.854428e-07  -5.499569e-07  -5.499918e-07  -5.499660e-07  -5.500346e-07  -5.500557e-07  -5.500124e-07  -5.499906e-07  -5.500263e-07  -5.500110e-07  -3.809623e-07  -3.920641e-07
  6.065832e-07  6.276444e-07  1.784114e-07  9.504862e-07  6.017317e-07  5.737933e-07  7.589278e-07  7.565446e-07  7.612432e-07  7.486665e-07  7.481846e-07  7.428502e-07  7.537025e-07  7.443839e-07  7.458225e-07  4.875821e-07  5.091926e-07
  1.094935e-06  1.081423e-06  -5.135651e-07  6.017317e-07  1.308322e-06  1.027747e-06  1.115596e-06  1.115624e-06  1.115628e-06  1.115598e-06  1.115614e-06  1.115513e-06  1.115589e-06  1.115546e-06  1.115550e-06  8.481878e-07  8.805151e-07
  1.024091e-06  1.033930e-06  -4.854428e-07  5.737933e-07  1.027747e-06  1.226615e-06  1.059513e-06  1.059542e-06  1.059541e-06  1.059526e-06  1.059540e-06  1.059457e-06  1.059509e-06  1.059472e-06  1.059473e-06  8.319090e-07  8.646022e-07
  1.114924e-06  1.137060e-06  -5.499569e-07  7.589278e-07  1.115596e-06  1.059513e-06  1.383482e-06  1.314470e-06  1.327116e-06  1.302259e-06  1.303932e-06  1.295728e-06  1.332280e-06  1.299870e-06  1.304299e-06  8.687608e-07  9.014760e-07
  1.114949e-06  1.137105e-06  -5.499918e-07  7.565446e-07  1.115624e-06  1.059542e-06  1.314470e-06  1.397916e-06  1.341484e-06  1.316634e-06  1.308331e-06  1.297925e-06  1.306853e-06  1.297106e-06  1.298230e-06  8.687828e-07  9.014983e-07
  1.114953e-06  1.137103e-06  -5.499660e-07  7.612432e-07  1.115628e-06  1.059541e-06  1.327116e-06  1.341484e-06  1.397320e-06  1.308592e-06  1.305050e-06  1.296509e-06  1.312911e-06  1.297590e-06  1.299696e-06  8.687783e-07  9.014941e-07
  1.114927e-06  1.137081e-06  -5.500346e-07  7.486665e-07  1.115598e-06  1.059526e-06  1.302259e-06  1.316634e-06  1.308592e-06  1.369335e-06  1.315219e-06  1.303556e-06  1.301443e-06  1.298528e-06  1.298215e-06  8.687759e-07  9.014902e-07
  1.114945e-06  1.137082e-06  -5.500557e-07  7.481846e-07  1.115614e-06  1.059540e-06  1.303932e-06  1.308331e-06  1.305050e-06  1.315219e-06  1.364005e-06  1.303188e-06  1.306397e-06  1.304140e-06  1.304331e-06  8.687868e-07  9.015013e-07
  1.114846e-06  1.136997e-06  -5.500124e-07  7.428502e-07  1.115513e-06  1.059457e-06  1.295728e-06  1.297925e-06  1.296509e-06  1.303556e-06  1.303188e-06  1.376268e-06  1.297534e-06  1.307663e-06  1.300990e-06  8.687288e-07  9.014415e-07
  1.114919e-06  1.137043e-06  -5.499906e-07  7.537025e-07  1.115589e-06  1.059509e-06  1.332280e-06  1.306853e-06  1.312911e-06  1.301443e-06  1.306397e-06  1.297534e-06  1.379587e-06  1.304649e-06  1.312041e-06  8.687611e-07  9.014756e-07
  1.114878e-06  1.136979e-06  -5.500263e-07  7.443839e-07  1.115546e-06  1.059472e-06  1.299870e-06  1.297106e-06  1.297590e-06  1.298528e-06  1.304140e-06  1.307663e-06  1.304649e-06  1.368831e-06  1.324001e-06  8.687371e-07  9.014500e-07
  1.114882e-06  1.136978e-06  -5.500110e-07  7.458225e-07  1.115550e-06  1.059473e-06  1.304299e-06  1.298230e-06  1.299696e-06  1.298215e-06  1.304331e-06  1.300990e-06  1.312041e-06  1.324001e-06  1.377174e-06  8.687381e-07  9.014514e-07
  8.453599e-07  8.497823e-07  -3.809623e-07  4.875821e-07  8.481878e-07  8.319090e-07  8.687608e-07  8.687828e-07  8.687783e-07  8.687759e-07  8.687868e-07  8.687288e-07  8.687611e-07  8.687371e-07  8.687381e-07  8.726468e-07  7.934692e-07
  8.777567e-07  8.825348e-07  -3.920641e-07  5.091926e-07  8.805151e-07  8.646022e-07  9.014760e-07  9.014983e-07  9.014941e-07  9.014902e-07  9.015013e-07  9.014415e-07  9.014756e-07  9.014500e-07  9.014514e-07  7.934692e-07  8.842343e-07
E_FREQ

B_FREQ 1.995262e+00
  1.083678e-06  9.631792e-07  -4.529705e-07  5.406492e-07  9.760891e-07  9.129163e-07  9.938832e-07  9.939060e-07  9.939094e-07  9.938857e-07  9.939020e-07  9.938139e-07  9.938792e-07  9.938425e-07  9.938459e-07  7.535568e-07  7.824314e-07
  9.631792e-07  1.149550e-06  -4.539519e-07  5.594254e-07  9.640198e-07  9.216813e-07  1.013624e-06  1.013665e-06  1.013662e-06  1.013643e-06  1.013644e-06  1.013568e-06  1.013609e-06  1.013552e-06  1.013551e-06  7.574990e-07  7.866906e-07
  -4.529705e-07  -4.539519e-07  6.491058e-07  1.590228e-07  -4.578912e-07  -4.328175e-07  -4.903459e-07  -4.903771e-07  -4.903541e-07  -4.904152e-07  -4.904340e-07  -4.903954e-07  -4.903759e-07  -4.904078e-07  -4.903942e-07  -3.396565e-07  -3.495513e-07
  5.406492e-07  5.594254e-07  1.590228e-07  8.472017e-07  5.363248e-07  5.114171e-07  6.764609e-07  6.743367e-07  6.785246e-07  6.673148e-07  6.668852e-07  6.621305e-07  6.718035e-07  6.634976e-07  6.647799e-07  4.345655e-07  4.538266e-07
  9.760891e-07  9.640198e-07  -4.578912e-07  5.363248e-07  1.166349e-06  9.161723e-07  9.944824e-07  9.945075e-07  9.945113e-07  9.944844e-07  9.944990e-07  9.944088e-07  9.944766e-07  9.944381e-07  9.944420e-07  7.560774e-07  7.848901e-07
  9.129163e-07  9.216813e-07  -4.328175e-07  5.114171e-07  9.161723e-07  1.093476e-06  9.444813e-07  9.445073e-07  9.445061e-07  9.444935e-07  9.445056e-07  9.444313e-07  9.444781e-07  9.444447e-07  9.444459e-07  7.415677e-07  7.707066e-07
  9.938832e-07  1.013624e-06  -4.903459e-07  6.764609e-07  9.944824e-07  9.444813e-07  1.233316e-06  1.171790e-06  1.183064e-06  1.160905e-06  1.162398e-06  1.155084e-06  1.187669e-06  1.158777e-06  1.162725e-06  7.744150e-07  8.035734e-07
  9.939060e-07  1.013665e-06  -4.903771e-07  6.743367e-07  9.945075e-07  9.445073e-07  1.171790e-06  1.246189e-06  1.195873e-06  1.173721e-06  1.166319e-06  1.157042e-06  1.165001e-06  1.156313e-06  1.157314e-06  7.744346e-07  8.035932e-07
  9.939094e-07  1.013662e-06  -4.903541e-07  6.785246e-07  9.945113e-07  9.445061e-07  1.183064e-06  1.195873e-06  1.245655e-06  1.166550e-06  1.163393e-06  1.155778e-06  1.170400e-06  1.156743e-06  1.158620e-06  7.744306e-07  8.035895e-07
  9.938857e-07  1.013643e-06  -4.904152e-07  6.673148e-07  9.944844e-07  9.444935e-07  1.160905e-06  1.173721e-06  1.166550e-06  1.220710e-06  1.172463e-06  1.162065e-06  1.160180e-06  1.157583e-06  1.157303e-06  7.744285e-07  8.035860e-07
  9.939020e-07  1.013644e-06  -4.904340e-07  6.668852e-07  9.944990e-07  9.445056e-07  1.162398e-06  1.166319e-06  1.163393e-06  1.172463e-06  1.215955e-06  1.161737e-06  1.164596e-06  1.162586e-06  1.162756e-06  7.744382e-07  8.035959e-07
  9.938139e-07  1.013568e-06  -4.903954e-07  6.621305e-07  9.944088e-07  9.444313e-07  1.155084e-06  1.157042e-06  1.155778e-06  1.162065e-06  1.161737e-06  1.226893e-06  1.156695e-06  1.165726e-06  1.159778e-06  7.743865e-07  8.035426e-07
  9.938792e-07  1.013609e-06  -4.903759e-07  6.718035e-07  9.944766e-07  9.444781e-07  1.187669e-06  1.165001e-06  1.170400e-06  1.160180e-06  1.164596e-06  1.156695e-06  1.229849e-06  1.163038e-06  1.169628e-06  7.744153e-07  8.035730e-07
  9.938425e-07  1.013552e-06  -4.904078e-07  6.634976e-07  9.944381e-07  9.444447e-07  1.158777e-06  1.156313e-06  1.156743e-06  1.157583e-06  1.162586e-06  1.165726e-06  1.163038e-06  1.220260e-06  1.180292e-06  7.743939e-07  8.035502e-07
  9.938459e-07  1.013551e-06  -4.903942e-07  6.647799e-07  9.944420e-07  9.444459e-07  1.162725e-06  1.157314e-06  1.158620e-06  1.157303e-06  1.162756e-06  1.159778e-06  1.169628e-06  1.180292e-06  1.227698e-06  7.743948e-07  8.035514e-07
  7.535568e-07  7.574990e-07  -3.396565e-07  4.345655e-07  7.560774e-07  7.415677e-07  7.744150e-07  7.744346e-07  7.744306e-07  7.744285e-07  7.744382e-07  7.743865e-07  7.744153e-07  7.743939e-07  7.743948e-07  7.778944e-07  7.073192e-07
  7.824314e-07  7.866906e-07  -3.495513e-07  4.538266e-07  7.848901e-07  7.707066e-07  8.035734e-07  8.035932e-07  8.035895e-07  8.035860e-07  8.035959e-07  8.035426e-07  8.035730e-07  8.035502e-07  8.035514e-07  7.073192e-07  7.882188e-07
E_FREQ

B_FREQ 2.511886e+00
  9.661093e-07  8.586359e-07  -4.038854e-07  4.818854e-07  8.701673e-07  8.138318e-07  8.860057e-07  8.860260e-07  8.860290e-07  8.860080e-07  8.860224e-07  8.859439e-07  8.860021e-07  8.859695e-07  8.859725e-07  6.717373e-07  6.974726e-07
  8.586359e-07  1.024824e-06  -4.047669e-07  4.986252e-07  8.593842e-07  8.216397e-07  9.036120e-07  9.036482e-07  9.036461e-07  9.036287e-07  9.036299e-07  9.035622e-07  9.035985e-07  9.035478e-07  9.035472e-07  6.752514e-07  7.012694e-07
  -4.038854e-07  -4.047669e-07  5.787260e-07  1.417427e-07  -4.082719e-07  -3.859152e-07  -4.372176e-07  -4.372454e-07  -4.372249e-07  -4.372793e-07  -4.372961e-07  -4.372617e-07  -4.372444e-07  -4.372728e-07  -4.372606e-07  -3.028428e-07  -3.116617e-07
  4.818854e-07  4.986252e-07  1.417427e-07  7.551494e-07  4.780307e-07  4.558244e-07  6.029621e-07  6.010689e-07  6.048016e-07  5.948100e-07  5.944272e-07  5.901889e-07  5.988110e-07  5.914077e-07  5.925506e-07  3.873145e-07  4.044816e-07
  8.701673e-07  8.593842e-07  -4.082719e-07  4.780307e-07  1.039816e-06  8.167311e-07  8.865400e-07  8.865624e-07  8.865658e-07  8.865418e-07  8.865548e-07  8.864744e-07  8.865349e-07  8.865005e-07  8.865041e-07  6.739840e-07  6.996642e-07
  8.138318e-07  8.216397e-07  -3.859152e-07  4.558244e-07  8.167311e-07  9.748166e-07  8.419594e-07  8.419826e-07  8.419815e-07  8.419703e-07  8.419810e-07  8.419148e-07  8.419566e-07  8.419268e-07  8.419279e-07  6.610510e-07  6.870219e-07
  8.860057e-07  9.036120e-07  -4.372176e-07  6.029621e-07  8.865400e-07  8.419594e-07  1.099480e-06  1.044627e-06  1.054679e-06  1.034924e-06  1.036255e-06  1.029734e-06  1.058785e-06  1.033027e-06  1.036546e-06  6.903293e-07  7.163176e-07
  8.860260e-07  9.036482e-07  -4.372454e-07  6.010689e-07  8.865624e-07  8.419826e-07  1.044627e-06  1.110962e-06  1.066097e-06  1.046350e-06  1.039751e-06  1.031481e-06  1.038575e-06  1.030830e-06  1.031723e-06  6.903467e-07  7.163352e-07
  8.860290e-07  9.036461e-07  -4.372249e-07  6.048016e-07  8.865658e-07  8.419815e-07  1.054679e-06  1.066097e-06  1.110483e-06  1.039955e-06  1.037141e-06  1.030353e-06  1.043388e-06  1.031213e-06  1.032886e-06  6.903431e-07  7.163319e-07
  8.860080e-07  9.036287e-07  -4.372793e-07  5.948100e-07  8.865418e-07  8.419703e-07  1.034924e-06  1.046350e-06  1.039955e-06  1.088246e-06  1.045231e-06  1.035961e-06  1.034279e-06  1.031965e-06  1.031716e-06  6.903412e-07  7.163288e-07
  8.860224e-07  9.036299e-07  -4.372961e-07  5.944272e-07  8.865548e-07  8.419810e-07  1.036255e-06  1.039751e-06  1.037141e-06  1.045231e-06  1.084006e-06  1.035668e-06  1.038216e-06  1.036426e-06  1.036577e-06  6.903499e-07  7.163377e-07
  8.859439e-07  9.035622e-07  -4.372617e-07  5.901889e-07  8.864744e-07  8.419148e-07  1.029734e-06  1.031481e-06  1.030353e-06  1.035961e-06  1.035668e-06  1.093762e-06  1.031172e-06  1.039225e-06  1.033922e-06  6.903039e-07  7.162902e-07
  8.860021e-07  9.035985e-07  -4.372444e-07  5.988110e-07  8.865349e-07  8.419566e-07  1.058785e-06  1.038575e-06  1.043388e-06  1.034279e-06  1.038216e-06  1.031172e-06  1.096394e-06  1.036828e-06  1.042702e-06  6.903295e-07  7.163173e-07
  8.859695e-07  9.035478e-07  -4.372728e-07  5.914077e-07  8.865005e-07  8.419268e-07  1.033027e-06  1.030830e-06  1.031213e-06  1.031965e-06  1.036426e-06  1.039225e-06  1.036828e-06  1.087847e-06  1.052212e-06  6.903104e-07  7.162969e-07
  8.859725e-07  9.035472e-07  -4.372606e-07  5.925506e-07  8.865041e-07  8.419279e-07  1.036546e-06  1.031723e-06  1.032886e-06  1.031716e-06  1.036577e-06  1.033922e-06  1.042702e-06  1.052212e-06  1.094478e-06  6.903112e-07  7.162980e-07
  6.717373e-07  6.752514e-07  -3.028428e-07  3.873145e-07  6.739840e-07  6.610510e-07  6.903293e-07  6.903467e-07  6.903431e-07  6.903412e-07  6.903499e-07  6.903039e-07  6.903295e-07  6.903104e-07  6.903112e-07  6.934462e-07  6.305380e-07
  6.974726e-07  7.012694e-07  -3.116617e-07  4.044816e-07  6.996642e-07  6.870219e-07  7.163176e-07  7.163352e-07  7.163319e-07  7.163288e-07  7.163377e-07  7.162902e-07  7.163173e-07  7.162969e-07  7.162980e-07  6.305380e-07  7.026448e-07
E_FREQ

B_FREQ 3.162278e+00
  8.613260e-07  7.654616e-07  -3.601383e-07  4.295121e-07  7.757644e-07  7.255227e-07  7.898598e-07  7.898779e-07  7.898806e-07  7.898618e-07  7.898747e-07  7.898047e-07  7.898566e-07  7.898275e-07  7.898302e-07  5.988155e-07  6.217530e-07
  7.654616e-07  9.136620e-07  -3.609307e-07  4.444369e-07  7.661276e-07  7.324774e-07  8.055637e-07  8.055959e-07  8.055940e-07  8.055786e-07  8.055796e-07  8.055193e-07  8.055516e-07  8.055065e-07  8.055059e-07  6.019482e-07  6.251376e-07
  -3.601383e-07  -3.609307e-07  5.159999e-07  1.263419e-07  -3.640485e-07  -3.441134e-07  -3.898670e-07  -3.898917e-07  -3.898734e-07  -3.899220e-07  -3.899369e-07  -3.899063e-07  -3.898908e-07  -3.899161e-07  -3.899053e-07  -2.700324e-07  -2.778926e-07
  4.295121e-07  4.444369e-07  1.263419e-07  6.731076e-07  4.260761e-07  4.062773e-07  5.374563e-07  5.357688e-07  5.390959e-07  5.301901e-07  5.298488e-07  5.260710e-07  5.337563e-07  5.271574e-07  5.281762e-07  3.452020e-07  3.605028e-07
  7.757644e-07  7.661276e-07  -3.640485e-07  4.260761e-07  9.270428e-07  7.281041e-07  7.903363e-07  7.903563e-07  7.903593e-07  7.903379e-07  7.903495e-07  7.902778e-07  7.903317e-07  7.903011e-07  7.903042e-07  6.008181e-07  6.237065e-07
  7.255227e-07  7.324774e-07  -3.441134e-07  4.062773e-07  7.281041e-07  8.690609e-07  7.505867e-07  7.506074e-07  7.506064e-07  7.505964e-07  7.506060e-07  7.505469e-07  7.505842e-07  7.505576e-07  7.505586e-07  5.892904e-07  6.124379e-07
  7.898598e-07  8.055637e-07  -3.898670e-07  5.374563e-07  7.903363e-07  7.505867e-07  9.801986e-07  9.312924e-07  9.402545e-07  9.226427e-07  9.238296e-07  9.180166e-07  9.439174e-07  9.209521e-07  9.240897e-07  6.153877e-07  6.385507e-07
  7.898779e-07  8.055959e-07  -3.898917e-07  5.357688e-07  7.903563e-07  7.506074e-07  9.312924e-07  9.904410e-07  9.504344e-07  9.328307e-07  9.269477e-07  9.195737e-07  9.258973e-07  9.189942e-07  9.197899e-07  6.154033e-07  6.385665e-07
  7.898806e-07  8.055940e-07  -3.898734e-07  5.390959e-07  7.903593e-07  7.506064e-07  9.402545e-07  9.504344e-07  9.900107e-07  9.271275e-07  9.246183e-07  9.185668e-07  9.301881e-07  9.193337e-07  9.208253e-07  6.154001e-07  6.385635e-07
  7.898618e-07  8.055786e-07  -3.899220e-07  5.301901e-07  7.903379e-07  7.505964e-07  9.226427e-07  9.328307e-07  9.271275e-07  9.701887e-07  9.318362e-07  9.235707e-07  9.220691e-07  9.200081e-07  9.197857e-07  6.153984e-07  6.385608e-07
  7.898747e-07  8.055796e-07  -3.899369e-07  5.298488e-07  7.903495e-07  7.506060e-07  9.238296e-07  9.269477e-07  9.246183e-07  9.318362e-07  9.664063e-07  9.233098e-07  9.255801e-07  9.239851e-07  9.241203e-07  6.154061e-07  6.385687e-07
  7.898047e-07  8.055193e-07  -3.899063e-07  5.260710e-07  7.902778e-07  7.505469e-07  9.180166e-07  9.195737e-07  9.185668e-07  9.235707e-07  9.233098e-07  9.751083e-07  9.192998e-07  9.264810e-07  9.217524e-07  6.153651e-07  6.385263e-07
  7.898566e-07  8.055516e-07  -3.898908e-07  5.337563e-07  7.903317e-07  7.505842e-07  9.439174e-07  9.258973e-07  9.301881e-07  9.220691e-07  9.255801e-07  9.192998e-07  9.774528e-07  9.243422e-07  9.295791e-07  6.153879e-07  6.385505e-07
  7.898275e-07  8.055065e-07  -3.899161e-07  5.271574e-07  7.903011e-07  7.505576e-07  9.209521e-07  9.189942e-07  9.193337e-07  9.200081e-07  9.239851e-07  9.264810e-07  9.243422e-07  9.698329e-07  9.380600e-07  6.153709e-07  6.385323e-07
  7.898302e-07  8.055059e-07  -3.899053e-07  5.281762e-07  7.903042e-07  7.505586e-07  9.240897e-07  9.197899e-07  9.208253e-07  9.197857e-07  9.241203e-07  9.217524e-07  9.295791e-07  9.380600e-07  9.757458e-07  6.153716e-07  6.385333e-07
  5.988155e-07  6.019482e-07  -2.700324e-07  3.452020e-07  6.008181e-07  5.892904e-07  6.153877e-07  6.154033e-07  6.154001e-07  6.153984e-07  6.154061e-07  6.153651e-07  6.153879e-07  6.153709e-07  6.153716e-07  6.181817e-07  5.621066e-07
  6.217530e-07  6.251376e-07  -2.778926e-07  3.605028e-07  6.237065e-07  6.124379e-07  6.385507e-07  6.385665e-07  6.385635e-07  6.385608e-07  6.385687e-07  6.385263e-07  6.385505e-07  6.385323e-07  6.385333e-07  5.621066e-07  6.263770e-07
E_FREQ

B_FREQ 3.981072e+00
  7.679378e-07  6.824200e-07  -3.211486e-07  3.828344e-07  6.916277e-07  6.468171e-07  7.041696e-07  7.041858e-07  7.041882e-07  7.041714e-07  7.041829e-07  7.041206e-07  7.041668e-07  7.041409e-07  7.041433e-07  5.338239e-07  5.542679e-07
  6.824200e-07  8.145886e-07  -3.218616e-07  3.961416e-07  6.830126e-07  6.530115e-07  7.181780e-07  7.182067e-07  7.182050e-07  7.181912e-07  7.181922e-07  7.181384e-07  7.181672e-07  7.181270e-07  7.181265e-07  5.366166e-07  5.572851e-07
  -3.211486e-07  -3.218616e-07  4.600952e-07  1.126158e-07  -3.246344e-07  -3.068576e-07  -3.476656e-07  -3.476877e-07  -3.476714e-07  -3.477146e-07  -3.477280e-07  -3.477007e-07  -3.476869e-07  -3.477094e-07  -3.476998e-07  -2.407902e-07  -2.477959e-07
  3.828344e-07  3.961416e-07  1.126158e-07  5.999879e-07  3.797715e-07  3.621184e-07  4.790742e-07  4.775701e-07  4.805357e-07  4.725975e-07  4.722933e-07  4.689258e-07  4.757762e-07  4.698943e-07  4.708024e-07  3.076692e-07  3.213066e-07
  6.916277e-07  6.830126e-07  -3.246344e-07  3.797715e-07  8.265338e-07  6.491152e-07  7.045946e-07  7.046124e-07  7.046151e-07  7.045961e-07  7.046064e-07  7.045425e-07  7.045905e-07  7.045633e-07  7.045661e-07  5.356090e-07  5.560092e-07
  6.468171e-07  6.530115e-07  -3.068576e-07  3.621184e-07  6.491152e-07  7.748060e-07  6.691506e-07  6.691691e-07  6.691682e-07  6.691593e-07  6.691678e-07  6.691152e-07  6.691484e-07  6.691247e-07  6.691256e-07  5.253337e-07  5.459649e-07
  7.041696e-07  7.181780e-07  -3.476656e-07  4.790742e-07  7.045946e-07  6.691506e-07  8.738891e-07  8.302829e-07  8.382739e-07  8.225722e-07  8.236306e-07  8.184479e-07  8.415412e-07  8.210655e-07  8.238627e-07  5.485960e-07  5.692410e-07
  7.041858e-07  7.182067e-07  -3.476877e-07  4.775701e-07  7.046124e-07  6.691691e-07  8.302829e-07  8.830266e-07  8.473498e-07  8.316563e-07  8.264113e-07  8.198365e-07  8.254736e-07  8.193200e-07  8.200293e-07  5.486099e-07  5.692550e-07
  7.041882e-07  7.182050e-07  -3.476714e-07  4.805357e-07  7.046151e-07  6.691682e-07  8.382739e-07  8.473498e-07  8.826398e-07  8.265695e-07  8.243328e-07  8.189375e-07  8.292986e-07  8.196215e-07  8.209512e-07  5.486070e-07  5.692524e-07
  7.041714e-07  7.181912e-07  -3.477146e-07  4.725975e-07  7.045961e-07  6.691593e-07  8.225722e-07  8.316563e-07  8.265695e-07  8.649696e-07  8.307726e-07  8.234027e-07  8.220623e-07  8.202264e-07  8.200279e-07  5.486056e-07  5.692499e-07
  7.041829e-07  7.181922e-07  -3.477280e-07  4.722933e-07  7.046064e-07  6.691678e-07  8.236306e-07  8.264113e-07  8.243328e-07  8.307726e-07  8.615953e-07  8.231700e-07  8.251929e-07  8.237725e-07  8.238929e-07  5.486124e-07  5.692570e-07
  7.041206e-07  7.181384e-07  -3.477007e-07  4.689258e-07  7.045425e-07  6.691152e-07  8.184479e-07  8.198365e-07  8.189375e-07  8.234027e-07  8.231700e-07  8.693584e-07  8.195934e-07  8.259976e-07  8.217815e-07  5.485759e-07  5.692192e-07
  7.041668e-07  7.181672e-07  -3.476869e-07  4.757762e-07  7.045905e-07  6.691484e-07  8.415412e-07  8.254736e-07  8.292986e-07  8.220623e-07  8.251929e-07  8.195934e-07  8.714462e-07  8.240894e-07  8.287583e-07  5.485962e-07  5.692407e-07
  7.041409e-07  7.181270e-07  -3.477094e-07  4.698943e-07  7.045633e-07  6.691247e-07  8.210655e-07  8.193200e-07  8.196215e-07  8.202264e-07  8.237725e-07  8.259976e-07  8.240894e-07  8.646530e-07  8.363221e-07  5.485811e-07  5.692246e-07
  7.041433e-07  7.181265e-07  -3.476998e-07  4.708024e-07  7.045661e-07  6.691256e-07  8.238627e-07  8.200293e-07  8.209512e-07  8.200279e-07  8.238929e-07  8.217815e-07  8.287583e-07  8.363221e-07  8.699253e-07  5.485817e-07  5.692254e-07
  5.338239e-07  5.366166e-07  -2.407902e-07  3.076692e-07  5.356090e-07  5.253337e-07  5.485960e-07  5.486099e-07  5.486070e-07  5.486056e-07  5.486124e-07  5.485759e-07  5.485962e-07  5.485811e-07  5.485817e-07  5.511021e-07  5.011171e-07
  5.542679e-07  5.572851e-07  -2.477959e-07  3.213066e-07  5.560092e-07  5.459649e-07  5.692410e-07  5.692550e-07  5.692524e-07  5.692499e-07  5.692570e-07  5.692192e-07  5.692407e-07  5.692246e-07  5.692254e-07  5.011171e-07  5.584032e-07
E_FREQ

B_FREQ 5.011872e+00
  6.847055e-07  6.084090e-07  -2.863991e-07  3.412328e-07  6.166408e-07  5.766706e-07  6.277982e-07  6.278126e-07  6.278147e-07  6.277998e-07  6.278101e-07  6.277545e-07  6.277957e-07  6.277726e-07  6.277747e-07  4.759000e-07  4.941217e-07
  6.084090e-07  7.262895e-07  -2.870413e-07  3.530983e-07  6.089363e-07  5.821875e-07  6.402954e-07  6.403210e-07  6.403195e-07  6.403072e-07  6.403081e-07  6.402601e-07  6.402858e-07  6.402499e-07  6.402495e-07  4.783898e-07  4.968115e-07
  -2.863991e-07  -2.870413e-07  4.102701e-07  1.003825e-07  -2.895066e-07  -2.736533e-07  -3.100537e-07  -3.100733e-07  -3.100588e-07  -3.100973e-07  -3.101092e-07  -3.100849e-07  -3.100726e-07  -3.100927e-07  -3.100841e-07  -2.147280e-07  -2.209721e-07
  3.412328e-07  3.530983e-07  1.003825e-07  5.348198e-07  3.385025e-07  3.227617e-07  4.270411e-07  4.257004e-07  4.283438e-07  4.212680e-07  4.209969e-07  4.179951e-07  4.241014e-07  4.188585e-07  4.196680e-07  2.742180e-07  2.863731e-07
  6.166408e-07  6.089363e-07  -2.895066e-07  3.385025e-07  7.369550e-07  5.787162e-07  6.281773e-07  6.281931e-07  6.281955e-07  6.281786e-07  6.281878e-07  6.281308e-07  6.281736e-07  6.281493e-07  6.281518e-07  4.774913e-07  4.956739e-07
  5.766706e-07  5.821875e-07  -2.736533e-07  3.227617e-07  5.787162e-07  6.908012e-07  5.965707e-07  5.965871e-07  5.965863e-07  5.965784e-07  5.965860e-07  5.965391e-07  5.965687e-07  5.965476e-07  5.965484e-07  4.683322e-07  4.867207e-07
  6.277982e-07  6.402954e-07  -3.100537e-07  4.270411e-07  6.281773e-07  5.965707e-07  7.791407e-07  7.402581e-07  7.473836e-07  7.333842e-07  7.343282e-07  7.297073e-07  7.502983e-07  7.320415e-07  7.345353e-07  4.890679e-07  5.074686e-07
  6.278126e-07  6.403210e-07  -3.100733e-07  4.257004e-07  6.281931e-07  5.965871e-07  7.402581e-07  7.872933e-07  7.554756e-07  7.414844e-07  7.368082e-07  7.309456e-07  7.359708e-07  7.304853e-07  7.311176e-07  4.890803e-07  5.074811e-07
  6.278147e-07  6.403195e-07  -3.100588e-07  4.283438e-07  6.281955e-07  5.965863e-07  7.473836e-07  7.554756e-07  7.869454e-07  7.369471e-07  7.349532e-07  7.301428e-07  7.393807e-07  7.307529e-07  7.319384e-07  4.890777e-07  5.074788e-07
  6.277998e-07  6.403072e-07  -3.100973e-07  4.212680e-07  6.281786e-07  5.965784e-07  7.333842e-07  7.414844e-07  7.369471e-07  7.711930e-07  7.406997e-07  7.341279e-07  7.329311e-07  7.312959e-07  7.311187e-07  4.890764e-07  5.074766e-07
  6.278101e-07  6.403081e-07  -3.101092e-07  4.209969e-07  6.281878e-07  5.965860e-07  7.343282e-07  7.368082e-07  7.349532e-07  7.406997e-07  7.681825e-07  7.339203e-07  7.357228e-07  7.344578e-07  7.345650e-07  4.890825e-07  5.074828e-07
  6.277545e-07  6.402601e-07  -3.100849e-07  4.179951e-07  6.281308e-07  5.965391e-07  7.297073e-07  7.309456e-07  7.301428e-07  7.341279e-07  7.339203e-07  7.751088e-07  7.307299e-07  7.364416e-07  7.326823e-07  4.890499e-07  5.074492e-07
  6.277957e-07  6.402858e-07  -3.100726e-07  4.241014e-07  6.281736e-07  5.965687e-07  7.502983e-07  7.359708e-07  7.393807e-07  7.329311e-07  7.357228e-07  7.307299e-07  7.769677e-07  7.347390e-07  7.389017e-07  4.890680e-07  5.074684e-07
  6.277726e-07  6.402499e-07  -3.100927e-07  4.188585e-07  6.281493e-07  5.965476e-07  7.320415e-07  7.304853e-07  7.307529e-07  7.312959e-07  7.344578e-07  7.364416e-07  7.347390e-07  7.709113e-07  7.456481e-07  4.890545e-07  5.074540e-07
  6.277747e-07  6.402495e-07  -3.100841e-07  4.196680e-07  6.281518e-07  5.965484e-07  7.345353e-07  7.311176e-07  7.319384e-07  7.311187e-07  7.345650e-07  7.326823e-07  7.389017e-07  7.456481e-07  7.756126e-07  4.890551e-07  5.074547e-07
  4.759000e-07  4.783898e-07  -2.147280e-07  2.742180e-07  4.774913e-07  4.683322e-07  4.890679e-07  4.890803e-07  4.890777e-07  4.890764e-07  4.890825e-07  4.890499e-07  4.890680e-07  4.890545e-07  4.890551e-07  4.913174e-07  4.467601e-07
  4.941217e-07  4.968115e-07  -2.209721e-07  2.863731e-07  4.956739e-07  4.867207e-07  5.074686e-07  5.074811e-07  5.074788e-07  5.074766e-07  5.074828e-07  5.074492e-07  5.074684e-07  5.074540e-07  5.074547e-07  4.467601e-07  4.978215e-07
E_FREQ

B_FREQ 6.309573e+00
  6.105247e-07  5.424467e-07  -2.554285e-07  3.041554e-07  5.498087e-07  5.141526e-07  5.597321e-07  5.597450e-07  5.597468e-07  5.597336e-07  5.597427e-07  5.596931e-07  5.597299e-07  5.597093e-07  5.597112e-07  4.242754e-07  4.405163e-07
  5.424467e-07  6.475927e-07  -2.560076e-07  3.147360e-07  5.429156e-07  5.190654e-07  5.708825e-07  5.709053e-07  5.709039e-07  5.708930e-07  5.708938e-07  5.708510e-07  5.708739e-07  5.708420e-07  5.708416e-07  4.264950e-07  4.429143e-07
  -2.554285e-07  -2.560076e-07  3.658634e-07  8.947948e-08  -2.581989e-07  -2.440599e-07  -2.765319e-07  -2.765495e-07  -2.765365e-07  -2.765709e-07  -2.765815e-07  -2.765598e-07  -2.765488e-07  -2.765668e-07  -2.765591e-07  -1.915001e-07  -1.970654e-07
  3.041554e-07  3.147360e-07  8.947948e-08  4.767387e-07  3.017215e-07  2.876851e-07  3.806666e-07  3.794715e-07  3.818277e-07  3.755206e-07  3.752790e-07  3.726031e-07  3.780462e-07  3.733729e-07  3.740944e-07  2.444047e-07  2.552385e-07
  5.498087e-07  5.429156e-07  -2.581989e-07  3.017215e-07  6.571178e-07  5.159731e-07  5.600702e-07  5.600844e-07  5.600865e-07  5.600714e-07  5.600796e-07  5.600288e-07  5.600670e-07  5.600453e-07  5.600476e-07  4.256939e-07  4.419000e-07
  5.141526e-07  5.190654e-07  -2.440599e-07  2.876851e-07  5.159731e-07  6.159319e-07  5.318837e-07  5.318984e-07  5.318977e-07  5.318906e-07  5.318974e-07  5.318556e-07  5.318820e-07  5.318632e-07  5.318639e-07  4.175296e-07  4.339192e-07
  5.597321e-07  5.708825e-07  -2.765319e-07  3.806666e-07  5.600702e-07  5.318837e-07  6.946960e-07  6.600234e-07  6.663776e-07  6.538953e-07  6.547374e-07  6.506171e-07  6.689779e-07  6.526987e-07  6.549222e-07  4.360133e-07  4.524139e-07
  5.597450e-07  5.709053e-07  -2.765495e-07  3.794715e-07  5.600844e-07  5.318984e-07  6.600234e-07  7.019709e-07  6.735926e-07  6.611187e-07  6.569493e-07  6.517215e-07  6.562013e-07  6.513114e-07  6.518750e-07  4.360244e-07  4.524251e-07
  5.597468e-07  5.709039e-07  -2.765365e-07  3.818277e-07  5.600865e-07  5.318977e-07  6.663776e-07  6.735926e-07  7.016577e-07  6.570711e-07  6.552935e-07  6.510045e-07  6.592414e-07  6.515487e-07  6.526056e-07  4.360221e-07  4.524230e-07
  5.597336e-07  5.708930e-07  -2.765709e-07  3.755206e-07  5.600714e-07  5.318906e-07  6.538953e-07  6.611187e-07  6.570711e-07  6.876144e-07  6.604221e-07  6.545616e-07  6.534929e-07  6.520365e-07  6.518783e-07  4.360209e-07  4.524210e-07
  5.597427e-07  5.708938e-07  -2.765815e-07  3.752790e-07  5.600796e-07  5.318974e-07  6.547374e-07  6.569493e-07  6.552935e-07  6.604221e-07  6.849282e-07  6.543765e-07  6.559824e-07  6.548561e-07  6.549515e-07  4.360264e-07  4.524266e-07
