B_RMATS  180
B_FREQ 0.000000e+00
  1.104300e-03  0.000000e+00  0.000000e+00  0.000000e+00  0.000000e+00  0.000000e+00  0.000000e+00  0.000000e+00  0.000000e+00  0.000000e+00  0.000000e+00  0.000000e+00  0.000000e+00  0.000000e+00  0.000000e+00  0.000000e+00  0.000000e+00
  0.000000e+00  3.800799e-03  1.838900e-03  1.420192e-03  3.777284e-03  3.780482e-03  3.785252e-03  3.757577e-03  3.771955e-03  3.742248e-03  3.773615e-03  3.739935e-03  3.740775e-03  5.718369e-04  6.471815e-04  1.845142e-03  2.121085e-03
  0.000000e+00  1.838900e-03  2.941835e-03  1.411445e-03  1.838903e-03  1.838898e-03  1.838899e-03  1.838895e-03  1.838898e-03  1.838897e-03  1.838906e-03  1.838919e-03  1.838920e-03  5.717819e-04  6.470783e-04  2.153847e-03  1.800413e-03
  0.000000e+00  1.420192e-03  1.411445e-03  2.719766e-03  1.420192e-03  1.420192e-03  1.420192e-03  1.420192e-03  1.420192e-03  1.420192e-03  1.420192e-03  1.420191e-03  1.420191e-03  5.721498e-04  6.477684e-04  1.411838e-03  1.422180e-03
  0.000000e+00  3.777284e-03  1.838903e-03  1.420192e-03  4.081957e-03  3.809229e-03  3.825015e-03  3.780758e-03  3.822349e-03  3.752132e-03  3.889999e-03  3.769862e-03  3.774375e-03  5.718369e-04  6.471815e-04  1.845145e-03  2.121073e-03
  0.000000e+00  3.780482e-03  1.838898e-03  1.420192e-03  3.809229e-03  4.582618e-03  3.838514e-03  3.802449e-03  3.852758e-03  3.754406e-03  3.788893e-03  3.743308e-03  3.744105e-03  5.718369e-04  6.471815e-04  1.845140e-03  2.121098e-03
  0.000000e+00  3.785252e-03  1.838899e-03  1.420192e-03  3.825015e-03  3.838514e-03  4.178300e-03  3.784621e-03  3.826024e-03  3.750132e-03  3.799525e-03  3.746259e-03  3.747638e-03  5.718369e-04  6.471815e-04  1.845141e-03  2.121090e-03
  0.000000e+00  3.757577e-03  1.838895e-03  1.420192e-03  3.780758e-03  3.802449e-03  3.784621e-03  4.140037e-03  3.869147e-03  3.809800e-03  3.767538e-03  3.748524e-03  3.746161e-03  5.718369e-04  6.471815e-04  1.845137e-03  2.121112e-03
  0.000000e+00  3.771955e-03  1.838898e-03  1.420192e-03  3.822349e-03  3.852758e-03  3.826024e-03  3.869147e-03  4.121075e-03  3.775627e-03  3.794932e-03  3.749634e-03  3.749723e-03  5.718369e-04  6.471815e-04  1.845140e-03  2.121098e-03
  0.000000e+00  3.742248e-03  1.838897e-03  1.420192e-03  3.752132e-03  3.754406e-03  3.750132e-03  3.809800e-03  3.775627e-03  4.239463e-03  3.750610e-03  3.768455e-03  3.761542e-03  5.718369e-04  6.471815e-04  1.845139e-03  2.121103e-03
  0.000000e+00  3.773615e-03  1.838906e-03  1.420192e-03  3.889999e-03  3.788893e-03  3.799525e-03  3.767538e-03  3.794932e-03  3.750610e-03  4.270131e-03  3.787545e-03  3.794652e-03  5.718369e-04  6.471815e-04  1.845148e-03  2.121059e-03
  0.000000e+00  3.739935e-03  1.838919e-03  1.420191e-03  3.769862e-03  3.743308e-03  3.746259e-03  3.748524e-03  3.749634e-03  3.768455e-03  3.787545e-03  4.245908e-03  3.952950e-03  5.718369e-04  6.471815e-04  1.845161e-03  2.120997e-03
  0.000000e+00  3.740775e-03  1.838920e-03  1.420191e-03  3.774375e-03  3.744105e-03  3.747638e-03  3.746161e-03  3.749723e-03  3.761542e-03  3.794652e-03  3.952950e-03  4.265276e-03  5.718369e-04  6.471815e-04  1.845162e-03  2.120993e-03
  0.000000e+00  5.718369e-04  5.717819e-04  5.721498e-04  5.718369e-04  5.718369e-04  5.718369e-04  5.718369e-04  5.718369e-04  5.718369e-04  5.718369e-04  5.718369e-04  5.718369e-04  8.126847e-04  6.195106e-04  5.717843e-04  5.718504e-04
  0.000000e+00  6.471815e-04  6.470783e-04  6.477684e-04  6.471815e-04  6.471815e-04  6.471815e-04  6.471815e-04  6.471815e-04  6.471815e-04  6.471815e-04  6.471815e-04  6.471815e-04  6.195106e-04  9.279136e-04  6.470826e-04  6.472068e-04
  0.000000e+00  1.845142e-03  2.153847e-03  1.411838e-03  1.845145e-03  1.845140e-03  1.845141e-03  1.845137e-03  1.845140e-03  1.845139e-03  1.845148e-03  1.845161e-03  1.845162e-03  5.717843e-04  6.470826e-04  2.923243e-03  1.805728e-03
  0.000000e+00  2.121085e-03  1.800413e-03  1.422180e-03  2.121073e-03  2.121098e-03  2.121090e-03  2.121112e-03  2.121098e-03  2.121103e-03  2.121059e-03  2.120997e-03  2.120993e-03  5.718504e-04  6.472068e-04  1.805728e-03  3.300802e-03
E_FREQ

B_FREQ 1.000000e+00
  1.113895e-03  8.531992e-06  -4.005934e-06  4.795834e-06  8.644496e-06  8.086489e-06  8.804105e-06  8.804307e-06  8.804337e-06  8.804127e-06  8.804271e-06  8.803490e-06  8.804069e-06  8.803744e-06  8.803774e-06  6.677465e-06  6.933660e-06
  8.531992e-06  3.810978e-03  1.834886e-03  1.425154e-03  3.785824e-03  3.788647e-03  3.794230e-03  3.766556e-03  3.780934e-03  3.751226e-03  3.782593e-03  3.748913e-03  3.749753e-03  5.808146e-04  6.561592e-04  1.851854e-03  2.128056e-03
  -4.005934e-06  1.834886e-03  2.947579e-03  1.412855e-03  1.834853e-03  1.835070e-03  1.834563e-03  1.834559e-03  1.834562e-03  1.834560e-03  1.834569e-03  1.834583e-03  1.834584e-03  5.674454e-04  6.427420e-04  2.150843e-03  1.797321e-03
  4.795834e-06  1.425154e-03  1.412855e-03  2.727279e-03  1.424949e-03  1.424729e-03  1.426190e-03  1.426172e-03  1.426209e-03  1.426109e-03  1.426105e-03  1.426062e-03  1.426148e-03  5.780332e-04  6.536632e-04  1.415694e-03  1.426207e-03
  8.644496e-06  3.785824e-03  1.834853e-03  1.424949e-03  4.092284e-03  3.817345e-03  3.833824e-03  3.789568e-03  3.831159e-03  3.760941e-03  3.898809e-03  3.778671e-03  3.783184e-03  5.806459e-04  6.559905e-04  1.851845e-03  2.128028e-03
  8.086489e-06  3.788647e-03  1.835070e-03  1.424729e-03  3.817345e-03  4.592302e-03  3.846881e-03  3.810816e-03  3.861125e-03  3.762773e-03  3.797260e-03  3.751675e-03  3.752472e-03  5.802036e-04  6.555482e-04  1.851711e-03  2.127928e-03
  8.804105e-06  3.794230e-03  1.834563e-03  1.426190e-03  3.833824e-03  3.846881e-03  4.189223e-03  3.794999e-03  3.836502e-03  3.760414e-03  3.809820e-03  3.756489e-03  3.758156e-03  5.820996e-04  6.574792e-04  1.852003e-03  2.128211e-03
  8.804307e-06  3.766556e-03  1.834559e-03  1.426172e-03  3.789568e-03  3.810816e-03  3.794999e-03  4.151073e-03  3.879738e-03  3.820195e-03  3.777867e-03  3.758771e-03  3.756479e-03  5.820778e-04  6.574312e-04  1.852000e-03  2.128233e-03
  8.804337e-06  3.780934e-03  1.834562e-03  1.426209e-03  3.831159e-03  3.861125e-03  3.836502e-03  3.879738e-03  4.132107e-03  3.785959e-03  3.805236e-03  3.759870e-03  3.760089e-03  5.820817e-04  6.574429e-04  1.852003e-03  2.128219e-03
  8.804127e-06  3.751226e-03  1.834560e-03  1.426109e-03  3.760941e-03  3.762773e-03  3.760414e-03  3.820195e-03  3.785959e-03  4.250274e-03  3.760994e-03  3.778747e-03  3.771817e-03  5.820888e-04  6.574310e-04  1.852002e-03  2.128224e-03
  8.804271e-06  3.782593e-03  1.834569e-03  1.426105e-03  3.898809e-03  3.797260e-03  3.809820e-03  3.777867e-03  3.805236e-03  3.760994e-03  4.280900e-03  3.797834e-03  3.804966e-03  5.821331e-04  6.574792e-04  1.852011e-03  2.128180e-03
  8.803490e-06  3.748913e-03  1.834583e-03  1.426062e-03  3.778671e-03  3.751675e-03  3.756489e-03  3.758771e-03  3.759870e-03  3.778747e-03  3.797834e-03  4.256773e-03  3.963194e-03  5.821609e-04  6.574529e-04  1.852023e-03  2.128118e-03
  8.804069e-06  3.749753e-03  1.834584e-03  1.426148e-03  3.783184e-03  3.752472e-03  3.758156e-03  3.756479e-03  3.760089e-03  3.771817e-03  3.804966e-03  3.963194e-03  4.276167e-03  5.821372e-04  6.575402e-04  1.852024e-03  2.128114e-03
  8.803744e-06  5.808146e-04  5.674454e-04  5.780332e-04  5.806459e-04  5.802036e-04  5.820996e-04  5.820778e-04  5.820817e-04  5.820888e-04  5.821331e-04  5.821609e-04  5.821372e-04  8.234912e-04  6.299635e-04  5.786465e-04  5.789713e-04
  8.803774e-06  6.561592e-04  6.427420e-04  6.536632e-04  6.559905e-04  6.555482e-04  6.574792e-04  6.574312e-04  6.574429e-04  6.574310e-04  6.574792e-04  6.574529e-04  6.575402e-04  6.299635e-04  9.387860e-04  6.539448e-04  6.543277e-04
  6.677465e-06  1.851854e-03  2.150843e-03  1.415694e-03  1.851845e-03  1.851711e-03  1.852003e-03  1.852000e-03  1.852003e-03  1.852002e-03  1.852011e-03  1.852023e-03  1.852024e-03  5.786465e-04  6.539448e-04  2.930135e-03  1.811994e-03
  6.933660e-06  2.128056e-03  1.797321e-03  1.426207e-03  2.128028e-03  2.127928e-03  2.128211e-03  2.128233e-03  2.128219e-03  2.128224e-03  2.128180e-03  2.128118e-03  2.128114e-03  5.789713e-04  6.543277e-04  1.811994e-03  3.307786e-03
E_FREQ

B_FREQ 1.258925e+00
  1.115066e-03  9.573052e-06  -4.494732e-06  5.381014e-06  9.699284e-06  9.073190e-06  9.878368e-06  9.878595e-06  9.878629e-06  9.878393e-06  9.878555e-06  9.877678e-06  9.878328e-06  9.877963e-06  9.877997e-06  7.492239e-06  7.779694e-06
  9.573052e-06  3.812220e-03  1.834396e-03  1.425759e-03  3.786866e-03  3.789643e-03  3.795326e-03  3.767651e-03  3.782029e-03  3.752322e-03  3.783689e-03  3.750008e-03  3.750849e-03  5.819100e-04  6.572546e-04  1.852673e-03  2.128907e-03
  -4.494732e-06  1.834396e-03  2.948280e-03  1.413027e-03  1.834359e-03  1.834603e-03  1.834034e-03  1.834030e-03  1.834033e-03  1.834031e-03  1.834040e-03  1.834054e-03  1.834055e-03  5.669163e-04  6.422128e-04  2.150476e-03  1.796943e-03
  5.381014e-06  1.425759e-03  1.413027e-03  2.728195e-03  1.425530e-03  1.425283e-03  1.426922e-03  1.426901e-03  1.426943e-03  1.426831e-03  1.426827e-03  1.426779e-03  1.426875e-03  5.787511e-04  6.543825e-04  1.416165e-03  1.426699e-03
  9.699284e-06  3.786866e-03  1.834359e-03  1.425530e-03  4.093544e-03  3.818335e-03  3.834899e-03  3.790643e-03  3.832234e-03  3.762016e-03  3.899883e-03  3.779746e-03  3.784259e-03  5.817208e-04  6.570654e-04  1.852662e-03  2.128877e-03
  9.073190e-06  3.789643e-03  1.834603e-03  1.425283e-03  3.818335e-03  4.593484e-03  3.847902e-03  3.811837e-03  3.862146e-03  3.763794e-03  3.798281e-03  3.752695e-03  3.753493e-03  5.812245e-04  6.565691e-04  1.852513e-03  2.128761e-03
  9.878368e-06  3.795326e-03  1.834034e-03  1.426922e-03  3.834899e-03  3.847902e-03  4.190555e-03  3.796265e-03  3.837780e-03  3.761668e-03  3.811076e-03  3.757737e-03  3.759440e-03  5.833518e-04  6.587357e-04  1.852841e-03  2.129080e-03
  9.878595e-06  3.767651e-03  1.834030e-03  1.426901e-03  3.790643e-03  3.811837e-03  3.796265e-03  4.152420e-03  3.881031e-03  3.821463e-03  3.779128e-03  3.760022e-03  3.757738e-03  5.833273e-04  6.586819e-04  1.852837e-03  2.129102e-03
  9.878629e-06  3.782029e-03  1.834033e-03  1.426943e-03  3.832234e-03  3.862146e-03  3.837780e-03  3.881031e-03  4.133453e-03  3.787219e-03  3.806493e-03  3.761119e-03  3.761354e-03  5.833317e-04  6.586950e-04  1.852840e-03  2.129088e-03
  9.878393e-06  3.752322e-03  1.834031e-03  1.426831e-03  3.762016e-03  3.763794e-03  3.761668e-03  3.821463e-03  3.787219e-03  4.251593e-03  3.762261e-03  3.780002e-03  3.773071e-03  5.833397e-04  6.586816e-04  1.852839e-03  2.129093e-03
  9.878555e-06  3.783689e-03  1.834040e-03  1.426827e-03  3.899883e-03  3.798281e-03  3.811076e-03  3.779128e-03  3.806493e-03  3.762261e-03  4.282214e-03  3.799089e-03  3.806225e-03  5.833894e-04  6.587357e-04  1.852848e-03  2.129049e-03
  9.877678e-06  3.750008e-03  1.834054e-03  1.426779e-03  3.779746e-03  3.752695e-03  3.757737e-03  3.760022e-03  3.761119e-03  3.780002e-03  3.799089e-03  4.258099e-03  3.964444e-03  5.834206e-04  6.587062e-04  1.852860e-03  2.128987e-03
  9.878328e-06  3.750849e-03  1.834055e-03  1.426875e-03  3.784259e-03  3.753493e-03  3.759440e-03  3.757738e-03  3.761354e-03  3.773071e-03  3.806225e-03  3.964444e-03  4.277496e-03  5.833940e-04  6.588041e-04  1.852862e-03  2.128983e-03
  9.877963e-06  5.819100e-04  5.669163e-04  5.787511e-04  5.817208e-04  5.812245e-04  5.833518e-04  5.833273e-04  5.833317e-04  5.833397e-04  5.833894e-04  5.834206e-04  5.833940e-04  8.248098e-04  6.312390e-04  5.794838e-04  5.798402e-04
  9.877997e-06  6.572546e-04  6.422128e-04  6.543825e-04  6.570654e-04  6.565691e-04  6.587357e-04  6.586819e-04  6.586950e-04  6.586816e-04  6.587357e-04  6.587062e-04  6.588041e-04  6.312390e-04  9.401126e-04  6.547822e-04  6.551966e-04
  7.492239e-06  1.852673e-03  2.150476e-03  1.416165e-03  1.852662e-03  1.852513e-03  1.852841e-03  1.852837e-03  1.852840e-03  1.852839e-03  1.852848e-03  1.852860e-03  1.852862e-03  5.794838e-04  6.547822e-04  2.930976e-03  1.812759e-03
  7.779694e-06  2.128907e-03  1.796943e-03  1.426699e-03  2.128877e-03  2.128761e-03  2.129080e-03  2.129102e-03  2.129088e-03  2.129093e-03  2.129049e-03  2.128987e-03  2.128983e-03  5.798402e-04  6.551966e-04  1.812759e-03  3.308638e-03
E_FREQ

B_FREQ 1.584893e+00
  1.116379e-03  1.074114e-05  -5.043172e-06  6.037597e-06  1.088278e-05  1.018029e-05  1.108371e-05  1.108397e-05  1.108400e-05  1.108374e-05  1.108392e-05  1.108294e-05  1.108367e-05  1.108326e-05  1.108329e-05  8.406430e-06  8.728961e-06
  1.074114e-05  3.813614e-03  1.833847e-03  1.426439e-03  3.788035e-03  3.790761e-03  3.796555e-03  3.768880e-03  3.783258e-03  3.753551e-03  3.784918e-03  3.751237e-03  3.752078e-03  5.831391e-04  6.584837e-04  1.853592e-03  2.129861e-03
  -5.043172e-06  1.833847e-03  2.949066e-03  1.413220e-03  1.833805e-03  1.834079e-03  1.833440e-03  1.833436e-03  1.833439e-03  1.833438e-03  1.833446e-03  1.833460e-03  1.833461e-03  5.663226e-04  6.416192e-04  2.150065e-03  1.796520e-03
  6.037597e-06  1.426439e-03  1.413220e-03  2.729224e-03  1.426181e-03  1.425904e-03  1.427744e-03  1.427720e-03  1.427767e-03  1.427641e-03  1.427637e-03  1.427583e-03  1.427691e-03  5.795566e-04  6.551895e-04  1.416693e-03  1.427250e-03
  1.088278e-05  3.788035e-03  1.833805e-03  1.426181e-03  4.094957e-03  3.819446e-03  3.836105e-03  3.791849e-03  3.833440e-03  3.763222e-03  3.901090e-03  3.780952e-03  3.785465e-03  5.829268e-04  6.582714e-04  1.853580e-03  2.129829e-03
  1.018029e-05  3.790761e-03  1.834079e-03  1.425904e-03  3.819446e-03  4.594810e-03  3.849047e-03  3.812983e-03  3.863292e-03  3.764940e-03  3.799427e-03  3.753841e-03  3.754638e-03  5.823699e-04  6.577146e-04  1.853413e-03  2.129696e-03
  1.108371e-05  3.796555e-03  1.833440e-03  1.427744e-03  3.836105e-03  3.849047e-03  4.192051e-03  3.797686e-03  3.839215e-03  3.763076e-03  3.812485e-03  3.759138e-03  3.760880e-03  5.847569e-04  6.601455e-04  1.853780e-03  2.130055e-03
  1.108397e-05  3.768880e-03  1.833436e-03  1.427720e-03  3.791849e-03  3.812983e-03  3.797686e-03  4.153931e-03  3.882481e-03  3.822887e-03  3.780542e-03  3.761425e-03  3.759150e-03  5.847294e-04  6.600852e-04  1.853776e-03  2.130077e-03
  1.108400e-05  3.783258e-03  1.833439e-03  1.427767e-03  3.833440e-03  3.863292e-03  3.839215e-03  3.882481e-03  4.134963e-03  3.788634e-03  3.807904e-03  3.762521e-03  3.762773e-03  5.847343e-04  6.600998e-04  1.853779e-03  2.130063e-03
  1.108374e-05  3.753551e-03  1.833438e-03  1.427641e-03  3.763222e-03  3.764940e-03  3.763076e-03  3.822887e-03  3.788634e-03  4.253073e-03  3.763682e-03  3.781411e-03  3.774478e-03  5.847433e-04  6.600848e-04  1.853778e-03  2.130068e-03
  1.108392e-05  3.784918e-03  1.833446e-03  1.427637e-03  3.901090e-03  3.799427e-03  3.812485e-03  3.780542e-03  3.807904e-03  3.763682e-03  4.283688e-03  3.800498e-03  3.807637e-03  5.847990e-04  6.601456e-04  1.853788e-03  2.130024e-03
  1.108294e-05  3.751237e-03  1.833460e-03  1.427583e-03  3.780952e-03  3.753841e-03  3.759138e-03  3.761425e-03  3.762521e-03  3.781411e-03  3.800498e-03  4.259586e-03  3.965847e-03  5.848341e-04  6.601124e-04  1.853800e-03  2.129962e-03
  1.108367e-05  3.752078e-03  1.833461e-03  1.427691e-03  3.785465e-03  3.754638e-03  3.760880e-03  3.759150e-03  3.762773e-03  3.774478e-03  3.807637e-03  3.965847e-03  4.278988e-03  5.848042e-04  6.602223e-04  1.853801e-03  2.129958e-03
  1.108326e-05  5.831391e-04  5.663226e-04  5.795566e-04  5.829268e-04  5.823699e-04  5.847569e-04  5.847294e-04  5.847343e-04  5.847433e-04  5.847990e-04  5.848341e-04  5.848042e-04  8.262893e-04  6.326700e-04  5.804233e-04  5.808151e-04
  1.108329e-05  6.584837e-04  6.416192e-04  6.551895e-04  6.582714e-04  6.577146e-04  6.601455e-04  6.600852e-04  6.600998e-04  6.600848e-04  6.601456e-04  6.601124e-04  6.602223e-04  6.326700e-04  9.416011e-04  6.557216e-04  6.561715e-04
  8.406430e-06  1.853592e-03  2.150065e-03  1.416693e-03  1.853580e-03  1.853413e-03  1.853780e-03  1.853776e-03  1.853779e-03  1.853778e-03  1.853788e-03  1.853800e-03  1.853801e-03  5.804233e-04  6.557216e-04  2.931920e-03  1.813617e-03
  8.728961e-06  2.129861e-03  1.796520e-03  1.427250e-03  2.129829e-03  2.129696e-03  2.130055e-03  2.130077e-03  2.130063e-03  2.130068e-03  2.130024e-03  2.129962e-03  2.129958e-03  5.808151e-04  6.561715e-04  1.813617e-03  3.309594e-03
E_FREQ

B_FREQ 1.995262e+00
  1.117853e-03  1.205176e-05  -5.658532e-06  6.774296e-06  1.221068e-05  1.142247e-05  1.243613e-05  1.243641e-05  1.243646e-05  1.243616e-05  1.243636e-05  1.243526e-05  1.243608e-05  1.243562e-05  1.243566e-05  9.432170e-06  9.794055e-06
  1.205176e-05  3.815177e-03  1.833230e-03  1.427201e-03  3.789346e-03  3.792015e-03  3.797934e-03  3.770260e-03  3.784638e-03  3.754930e-03  3.786297e-03  3.752617e-03  3.753457e-03  5.845182e-04  6.598628e-04  1.854624e-03  2.130932e-03
  -5.658532e-06  1.833230e-03  2.949948e-03  1.413437e-03  1.833183e-03  1.833491e-03  1.832774e-03  1.832770e-03  1.832773e-03  1.832771e-03  1.832780e-03  1.832794e-03  1.832795e-03  5.656565e-04  6.409531e-04  2.149603e-03  1.796045e-03
  6.774296e-06  1.427201e-03  1.413437e-03  2.730378e-03  1.426912e-03  1.426601e-03  1.428665e-03  1.428638e-03  1.428691e-03  1.428550e-03  1.428545e-03  1.428484e-03  1.428606e-03  5.804603e-04  6.560950e-04  1.417285e-03  1.427868e-03
  1.221068e-05  3.789346e-03  1.833183e-03  1.426912e-03  4.096544e-03  3.820693e-03  3.837459e-03  3.793202e-03  3.834793e-03  3.764576e-03  3.902443e-03  3.782305e-03  3.786819e-03  5.842800e-04  6.596246e-04  1.854609e-03  2.130898e-03
  1.142247e-05  3.792015e-03  1.833491e-03  1.426601e-03  3.820693e-03  4.596297e-03  3.850333e-03  3.814268e-03  3.864577e-03  3.766225e-03  3.800712e-03  3.755126e-03  3.755924e-03  5.836552e-04  6.589998e-04  1.854422e-03  2.130745e-03
  1.243613e-05  3.797934e-03  1.832774e-03  1.428665e-03  3.837459e-03  3.850333e-03  4.193729e-03  3.799280e-03  3.840824e-03  3.764655e-03  3.814067e-03  3.760709e-03  3.762496e-03  5.863333e-04  6.617273e-04  1.854834e-03  2.131149e-03
  1.243641e-05  3.770260e-03  1.832770e-03  1.428638e-03  3.793202e-03  3.814268e-03  3.799280e-03  4.155626e-03  3.884108e-03  3.824483e-03  3.782129e-03  3.762999e-03  3.760735e-03  5.863025e-04  6.616597e-04  1.854831e-03  2.131171e-03
  1.243646e-05  3.784638e-03  1.832773e-03  1.428691e-03  3.834793e-03  3.864577e-03  3.840824e-03  3.884108e-03  4.136658e-03  3.790221e-03  3.809486e-03  3.764093e-03  3.764365e-03  5.863080e-04  6.616761e-04  1.854834e-03  2.131157e-03
  1.243616e-05  3.754930e-03  1.832771e-03  1.428550e-03  3.764576e-03  3.766225e-03  3.764655e-03  3.824483e-03  3.790221e-03  4.254733e-03  3.765277e-03  3.782992e-03  3.776056e-03  5.863181e-04  6.616592e-04  1.854833e-03  2.131162e-03
  1.243636e-05  3.786297e-03  1.832780e-03  1.428545e-03  3.902443e-03  3.800712e-03  3.814067e-03  3.782129e-03  3.809486e-03  3.765277e-03  4.285342e-03  3.802078e-03  3.809221e-03  5.863807e-04  6.617274e-04  1.854842e-03  2.131118e-03
  1.243526e-05  3.752617e-03  1.832794e-03  1.428484e-03  3.782305e-03  3.755126e-03  3.760709e-03  3.762999e-03  3.764093e-03  3.782992e-03  3.802078e-03  4.261255e-03  3.967420e-03  5.864200e-04  6.616902e-04  1.854854e-03  2.131055e-03
  1.243608e-05  3.753457e-03  1.832795e-03  1.428606e-03  3.786819e-03  3.755924e-03  3.762496e-03  3.760735e-03  3.764365e-03  3.776056e-03  3.809221e-03  3.967420e-03  4.280661e-03  5.863865e-04  6.618135e-04  1.854855e-03  2.131052e-03
  1.243562e-05  5.845182e-04  5.656565e-04  5.804603e-04  5.842800e-04  5.836552e-04  5.863333e-04  5.863025e-04  5.863080e-04  5.863181e-04  5.863807e-04  5.864200e-04  5.863865e-04  8.279494e-04  6.342757e-04  5.814775e-04  5.819090e-04
  1.243566e-05  6.598628e-04  6.409531e-04  6.560950e-04  6.596246e-04  6.589998e-04  6.617273e-04  6.616597e-04  6.616761e-04  6.616592e-04  6.617274e-04  6.616902e-04  6.618135e-04  6.342757e-04  9.432712e-04  6.567758e-04  6.572654e-04
  9.432170e-06  1.854624e-03  2.149603e-03  1.417285e-03  1.854609e-03  1.854422e-03  1.854834e-03  1.854831e-03  1.854834e-03  1.854833e-03  1.854842e-03  1.854854e-03  1.854855e-03  5.814775e-04  6.567758e-04  2.932978e-03  1.814579e-03
  9.794055e-06  2.130932e-03  1.796045e-03  1.427868e-03  2.130898e-03  2.130745e-03  2.131149e-03  2.131171e-03  2.131157e-03  2.131162e-03  2.131118e-03  2.131055e-03  2.131052e-03  5.819090e-04  6.572654e-04  1.814579e-03  3.310667e-03
E_FREQ

B_FREQ 2.511886e+00
  1.119507e-03  1.352230e-05  -6.348978e-06  7.600885e-06  1.370060e-05  1.281622e-05  1.395357e-05  1.395389e-05  1.395393e-05  1.395360e-05  1.395383e-05  1.395259e-05  1.395351e-05  1.395299e-05  1.395304e-05  1.058307e-05  1.098911e-05
  1.352230e-05  3.816932e-03  1.832538e-03  1.428056e-03  3.790818e-03  3.793422e-03  3.799482e-03  3.771807e-03  3.786185e-03  3.756478e-03  3.787845e-03  3.754164e-03  3.755004e-03  5.860656e-04  6.614101e-04  1.855780e-03  2.132134e-03
  -6.348978e-06  1.832538e-03  2.950938e-03  1.413680e-03  1.832485e-03  1.832831e-03  1.832027e-03  1.832023e-03  1.832026e-03  1.832024e-03  1.832033e-03  1.832046e-03  1.832048e-03  5.649091e-04  6.402057e-04  2.149085e-03  1.795512e-03
  7.600885e-06  1.428056e-03  1.413680e-03  2.731673e-03  1.427732e-03  1.427383e-03  1.429699e-03  1.429669e-03  1.429728e-03  1.429570e-03  1.429564e-03  1.429496e-03  1.429632e-03  5.814744e-04  6.571110e-04  1.417950e-03  1.428563e-03
  1.370060e-05  3.790818e-03  1.832485e-03  1.427732e-03  4.098324e-03  3.822091e-03  3.838977e-03  3.794720e-03  3.836311e-03  3.766094e-03  3.903961e-03  3.783823e-03  3.788337e-03  5.857982e-04  6.611429e-04  1.855763e-03  2.132097e-03
  1.281622e-05  3.793422e-03  1.832831e-03  1.427383e-03  3.822091e-03  4.597966e-03  3.851775e-03  3.815710e-03  3.866019e-03  3.767667e-03  3.802154e-03  3.756568e-03  3.757366e-03  5.850972e-04  6.604418e-04  1.855555e-03  2.131922e-03
  1.395357e-05  3.799482e-03  1.832027e-03  1.429699e-03  3.838977e-03  3.851775e-03  4.195611e-03  3.801069e-03  3.842630e-03  3.766427e-03  3.815841e-03  3.762473e-03  3.764309e-03  5.881022e-04  6.635022e-04  1.856017e-03  2.132376e-03
  1.395389e-05  3.771807e-03  1.832023e-03  1.429669e-03  3.794720e-03  3.815710e-03  3.801069e-03  4.157528e-03  3.885933e-03  3.826275e-03  3.783909e-03  3.764765e-03  3.762514e-03  5.880676e-04  6.634263e-04  1.856013e-03  2.132399e-03
  1.395393e-05  3.786185e-03  1.832026e-03  1.429728e-03  3.836311e-03  3.866019e-03  3.842630e-03  3.885933e-03  4.138559e-03  3.792002e-03  3.811262e-03  3.765857e-03  3.766152e-03  5.880738e-04  6.634447e-04  1.856016e-03  2.132384e-03
  1.395360e-05  3.756478e-03  1.832024e-03  1.429570e-03  3.766094e-03  3.767667e-03  3.766427e-03  3.826275e-03  3.792002e-03  4.256597e-03  3.767067e-03  3.784766e-03  3.777827e-03  5.880851e-04  6.634258e-04  1.856015e-03  2.132389e-03
  1.395383e-05  3.787845e-03  1.832033e-03  1.429564e-03  3.903961e-03  3.802154e-03  3.815841e-03  3.783909e-03  3.811262e-03  3.767067e-03  4.287198e-03  3.803852e-03  3.810999e-03  5.881553e-04  6.635023e-04  1.856025e-03  2.132346e-03
  1.395259e-05  3.754164e-03  1.832046e-03  1.429496e-03  3.783823e-03  3.756568e-03  3.762473e-03  3.764765e-03  3.765857e-03  3.784766e-03  3.803852e-03  4.263128e-03  3.969186e-03  5.881994e-04  6.634605e-04  1.856037e-03  2.132283e-03
  1.395351e-05  3.755004e-03  1.832048e-03  1.429632e-03  3.788337e-03  3.757366e-03  3.764309e-03  3.762514e-03  3.766152e-03  3.777827e-03  3.810999e-03  3.969186e-03  4.282538e-03  5.881618e-04  6.635989e-04  1.856038e-03  2.132279e-03
  1.395299e-05  5.860656e-04  5.649091e-04  5.814744e-04  5.857982e-04  5.850972e-04  5.881022e-04  5.880676e-04  5.880738e-04  5.880851e-04  5.881553e-04  5.881994e-04  5.881618e-04  8.298119e-04  6.360773e-04  5.826602e-04  5.831363e-04
  1.395304e-05  6.614101e-04  6.402057e-04  6.571110e-04  6.611429e-04  6.604418e-04  6.635022e-04  6.634263e-04  6.634447e-04  6.634258e-04  6.635023e-04  6.634605e-04  6.635989e-04  6.360773e-04  9.451451e-04  6.579585e-04  6.584927e-04
  1.058307e-05  1.855780e-03  2.149085e-03  1.417950e-03  1.855763e-03  1.855555e-03  1.856017e-03  1.856013e-03  1.856016e-03  1.856015e-03  1.856025e-03  1.856037e-03  1.856038e-03  5.826602e-04  6.579585e-04  2.934166e-03  1.815659e-03
  1.098911e-05  2.132134e-03  1.795512e-03  1.428563e-03  2.132097e-03  2.131922e-03  2.132376e-03  2.132399e-03  2.132384e-03  2.132389e-03  2.132346e-03  2.132283e-03  2.132279e-03  5.831363e-04  6.584927e-04  1.815659e-03  3.311871e-03
E_FREQ

B_FREQ 3.162278e+00
  1.121363e-03  1.517227e-05  -7.123670e-06  8.528333e-06  1.537233e-05  1.438004e-05  1.565616e-05  1.565652e-05  1.565657e-05  1.565620e-05  1.565645e-05  1.565507e-05  1.565609e-05  1.565552e-05  1.565557e-05  1.187440e-05  1.232998e-05
  1.517227e-05  3.818900e-03  1.831762e-03  1.429016e-03  3.792470e-03  3.795001e-03  3.801218e-03  3.773544e-03  3.787922e-03  3.758214e-03  3.789581e-03  3.755900e-03  3.756741e-03  5.878017e-04  6.631463e-04  1.857079e-03  2.133482e-03
  -7.123670e-06  1.831762e-03  2.952049e-03  1.413953e-03  1.831702e-03  1.832091e-03  1.831189e-03  1.831184e-03  1.831187e-03  1.831185e-03  1.831194e-03  1.831208e-03  1.831209e-03  5.640705e-04  6.393671e-04  2.148504e-03  1.794914e-03
  8.528333e-06  1.429016e-03  1.413953e-03  2.733125e-03  1.428652e-03  1.428260e-03  1.430859e-03  1.430825e-03  1.430891e-03  1.430715e-03  1.430708e-03  1.430632e-03  1.430784e-03  5.826121e-04  6.582510e-04  1.418695e-03  1.429341e-03
  1.537233e-05  3.792470e-03  1.831702e-03  1.428652e-03  4.100321e-03  3.823661e-03  3.840681e-03  3.796424e-03  3.838015e-03  3.767798e-03  3.905665e-03  3.785526e-03  3.790040e-03  5.875018e-04  6.628464e-04  1.857059e-03  2.133442e-03
  1.438004e-05  3.795001e-03  1.832091e-03  1.428260e-03  3.823661e-03  4.599839e-03  3.853393e-03  3.817328e-03  3.867637e-03  3.769285e-03  3.803772e-03  3.758186e-03  3.758984e-03  5.867152e-04  6.620598e-04  1.856825e-03  2.133243e-03
  1.565616e-05  3.801218e-03  1.831189e-03  1.430859e-03  3.840681e-03  3.853393e-03  4.197723e-03  3.803076e-03  3.844657e-03  3.768416e-03  3.817832e-03  3.764451e-03  3.766343e-03  5.900868e-04  6.654936e-04  1.857344e-03  2.133753e-03
  1.565652e-05  3.773544e-03  1.831184e-03  1.430825e-03  3.796424e-03  3.817328e-03  3.803076e-03  4.159662e-03  3.887981e-03  3.828285e-03  3.785907e-03  3.766747e-03  3.764509e-03  5.900480e-04  6.654084e-04  1.857341e-03  2.133776e-03
  1.565657e-05  3.787922e-03  1.831187e-03  1.430891e-03  3.838015e-03  3.867637e-03  3.844657e-03  3.887981e-03  4.140692e-03  3.794000e-03  3.813255e-03  3.767837e-03  3.768156e-03  5.900550e-04  6.654292e-04  1.857344e-03  2.133762e-03
  1.565620e-05  3.758214e-03  1.831185e-03  1.430715e-03  3.767798e-03  3.769285e-03  3.768416e-03  3.828285e-03  3.794000e-03  4.258687e-03  3.769075e-03  3.786756e-03  3.779814e-03  5.900677e-04  6.654079e-04  1.857342e-03  2.133767e-03
  1.565645e-05  3.789581e-03  1.831194e-03  1.430708e-03  3.905665e-03  3.803772e-03  3.817832e-03  3.785907e-03  3.813255e-03  3.769075e-03  4.289281e-03  3.805841e-03  3.812993e-03  5.901464e-04  6.654937e-04  1.857352e-03  2.133723e-03
  1.565507e-05  3.755900e-03  1.831208e-03  1.430632e-03  3.785526e-03  3.758186e-03  3.764451e-03  3.766747e-03  3.767837e-03  3.786756e-03  3.805841e-03  4.265229e-03  3.971167e-03  5.901959e-04  6.654468e-04  1.857364e-03  2.133660e-03
  1.565609e-05  3.756741e-03  1.831209e-03  1.430784e-03  3.790040e-03  3.758984e-03  3.766343e-03  3.764509e-03  3.768156e-03  3.779814e-03  3.812993e-03  3.971167e-03  4.284644e-03  5.901537e-04  6.656021e-04  1.857365e-03  2.133656e-03
  1.565552e-05  5.878017e-04  5.640705e-04  5.826121e-04  5.875018e-04  5.867152e-04  5.900868e-04  5.900480e-04  5.900550e-04  5.900677e-04  5.901464e-04  5.901959e-04  5.901537e-04  8.319018e-04  6.380988e-04  5.839873e-04  5.845134e-04
  1.565557e-05  6.631463e-04  6.393671e-04  6.582510e-04  6.628464e-04  6.620598e-04  6.654936e-04  6.654084e-04  6.654292e-04  6.654079e-04  6.654937e-04  6.654468e-04  6.656021e-04  6.380988e-04  9.472477e-04  6.592856e-04  6.598698e-04
  1.187440e-05  1.857079e-03  2.148504e-03  1.418695e-03  1.857059e-03  1.856825e-03  1.857344e-03  1.857341e-03  1.857344e-03  1.857342e-03  1.857352e-03  1.857364e-03  1.857365e-03  5.839873e-04  6.592856e-04  2.935499e-03  1.816871e-03
  1.232998e-05  2.133482e-03  1.794914e-03  1.429341e-03  2.133442e-03  2.133243e-03  2.133753e-03  2.133776e-03  2.133762e-03  2.133767e-03  2.133723e-03  2.133660e-03  2.133656e-03  5.845134e-04  6.598698e-04  1.816871e-03  3.313221e-03
E_FREQ

B_FREQ 3.981072e+00
  1.123445e-03  1.702356e-05  -7.992889e-06  9.568947e-06  1.724804e-05  1.613467e-05  1.756650e-05  1.756690e-05  1.756696e-05  1.756654e-05  1.756683e-05  1.756527e-05  1.756643e-05  1.756578e-05  1.756584e-05  1.332329e-05  1.383447e-05
  1.702356e-05  3.821109e-03  1.830891e-03  1.430093e-03  3.794323e-03  3.796773e-03  3.803166e-03  3.775492e-03  3.789870e-03  3.760162e-03  3.791529e-03  3.757848e-03  3.758689e-03  5.897497e-04  6.650943e-04  1.858535e-03  2.134995e-03
  -7.992889e-06  1.830891e-03  2.953295e-03  1.414259e-03  1.830823e-03  1.831261e-03  1.830248e-03  1.830243e-03  1.830247e-03  1.830244e-03  1.830253e-03  1.830267e-03  1.830268e-03  5.631295e-04  6.384262e-04  2.147852e-03  1.794243e-03
  9.568947e-06  1.430093e-03  1.414259e-03  2.734756e-03  1.429684e-03  1.429245e-03  1.432160e-03  1.432123e-03  1.432197e-03  1.431998e-03  1.431991e-03  1.431906e-03  1.432077e-03  5.838887e-04  6.595300e-04  1.419532e-03  1.430215e-03
  1.724804e-05  3.794323e-03  1.830823e-03  1.429684e-03  4.102561e-03  3.825422e-03  3.842592e-03  3.798336e-03  3.839927e-03  3.769709e-03  3.907576e-03  3.787438e-03  3.791952e-03  5.894132e-04  6.647578e-04  1.858513e-03  2.134951e-03
  1.613467e-05  3.796773e-03  1.831261e-03  1.429245e-03  3.825422e-03  4.601940e-03  3.855208e-03  3.819144e-03  3.869453e-03  3.771101e-03  3.805588e-03  3.760002e-03  3.760799e-03  5.885307e-04  6.638753e-04  1.858251e-03  2.134725e-03
  1.756650e-05  3.803166e-03  1.830248e-03  1.432160e-03  3.842592e-03  3.855208e-03  4.200093e-03  3.805328e-03  3.846930e-03  3.770646e-03  3.820066e-03  3.766671e-03  3.768625e-03  5.923137e-04  6.677281e-04  1.858833e-03  2.135299e-03
  1.756690e-05  3.775492e-03  1.830243e-03  1.432123e-03  3.798336e-03  3.819144e-03  3.805328e-03  4.162057e-03  3.890279e-03  3.830541e-03  3.788148e-03  3.768970e-03  3.766748e-03  5.922701e-04  6.676324e-04  1.858830e-03  2.135321e-03
  1.756696e-05  3.789870e-03  1.830247e-03  1.432197e-03  3.839927e-03  3.869453e-03  3.846930e-03  3.890279e-03  4.143086e-03  3.796241e-03  3.815491e-03  3.770058e-03  3.770405e-03  5.922779e-04  6.676557e-04  1.858833e-03  2.135307e-03
  1.756654e-05  3.760162e-03  1.830244e-03  1.431998e-03  3.769709e-03  3.771101e-03  3.770646e-03  3.830541e-03  3.796241e-03  4.261033e-03  3.771328e-03  3.788989e-03  3.782043e-03  5.922922e-04  6.676319e-04  1.858832e-03  2.135312e-03
  1.756683e-05  3.791529e-03  1.830253e-03  1.431991e-03  3.907576e-03  3.805588e-03  3.820066e-03  3.788148e-03  3.815491e-03  3.771328e-03  4.291617e-03  3.808074e-03  3.815231e-03  5.923805e-04  6.677282e-04  1.858841e-03  2.135268e-03
  1.756527e-05  3.757848e-03  1.830267e-03  1.431906e-03  3.787438e-03  3.760002e-03  3.766671e-03  3.768970e-03  3.770058e-03  3.788989e-03  3.808074e-03  4.267587e-03  3.973390e-03  5.924360e-04  6.676756e-04  1.858853e-03  2.135205e-03
  1.756643e-05  3.758689e-03  1.830268e-03  1.432077e-03  3.791952e-03  3.760799e-03  3.768625e-03  3.766748e-03  3.770405e-03  3.782043e-03  3.815231e-03  3.973390e-03  4.287007e-03  5.923887e-04  6.678498e-04  1.858854e-03  2.135202e-03
  1.756578e-05  5.897497e-04  5.631295e-04  5.838887e-04  5.894132e-04  5.885307e-04  5.923137e-04  5.922701e-04  5.922779e-04  5.922922e-04  5.923805e-04  5.924360e-04  5.923887e-04  8.342466e-04  6.403669e-04  5.854762e-04  5.860585e-04
  1.756584e-05  6.650943e-04  6.384262e-04  6.595300e-04  6.647578e-04  6.638753e-04  6.677281e-04  6.676324e-04  6.676557e-04  6.676319e-04  6.677282e-04  6.676756e-04  6.678498e-04  6.403669e-04  9.496068e-04  6.607746e-04  6.614149e-04
  1.332329e-05  1.858535e-03  2.147852e-03  1.419532e-03  1.858513e-03  1.858251e-03  1.858833e-03  1.858830e-03  1.858833e-03  1.858832e-03  1.858841e-03  1.858853e-03  1.858854e-03  5.854762e-04  6.607746e-04  2.936994e-03  1.818231e-03
  1.383447e-05  2.134995e-03  1.794243e-03  1.430215e-03  2.134951e-03  2.134725e-03  2.135299e-03  2.135321e-03  2.135307e-03  2.135312e-03  2.135268e-03  2.135205e-03  2.135202e-03  5.860585e-04  6.614149e-04  1.818231e-03  3.314737e-03
E_FREQ

B_FREQ 5.011872e+00
  1.125781e-03  1.910075e-05  -8.968169e-06  1.073653e-05  1.935262e-05  1.810339e-05  1.970994e-05  1.971039e-05  1.971046e-05  1.970999e-05  1.971031e-05  1.970856e-05  1.970986e-05  1.970913e-05  1.970919e-05  1.494898e-05  1.552253e-05
  1.910075e-05  3.823587e-03  1.829914e-03  1.431301e-03  3.796402e-03  3.798760e-03  3.805352e-03  3.777678e-03  3.792056e-03  3.762348e-03  3.793715e-03  3.760034e-03  3.760875e-03  5.919354e-04  6.672800e-04  1.860169e-03  2.136692e-03
  -8.968169e-06  1.829914e-03  2.954694e-03  1.414602e-03  1.829837e-03  1.830329e-03  1.829192e-03  1.829187e-03  1.829191e-03  1.829189e-03  1.829197e-03  1.829211e-03  1.829213e-03  5.620738e-04  6.373704e-04  2.147121e-03  1.793490e-03
  1.073653e-05  1.431301e-03  1.414602e-03  2.736585e-03  1.430843e-03  1.430349e-03  1.433621e-03  1.433579e-03  1.433662e-03  1.433439e-03  1.433431e-03  1.433335e-03  1.433527e-03  5.853211e-04  6.609652e-04  1.420471e-03  1.431196e-03
  1.935262e-05  3.796402e-03  1.829837e-03  1.430843e-03  4.105075e-03  3.827398e-03  3.844737e-03  3.800480e-03  3.842071e-03  3.771854e-03  3.909721e-03  3.789582e-03  3.794097e-03  5.915578e-04  6.669025e-04  1.860144e-03  2.136644e-03
  1.810339e-05  3.798760e-03  1.830329e-03  1.430349e-03  3.827398e-03  4.604298e-03  3.857245e-03  3.821181e-03  3.871490e-03  3.773138e-03  3.807625e-03  3.762038e-03  3.762836e-03  5.905676e-04  6.659122e-04  1.859851e-03  2.136388e-03
  1.970994e-05  3.805352e-03  1.829192e-03  1.433621e-03  3.844737e-03  3.857245e-03  4.202753e-03  3.807855e-03  3.849481e-03  3.773150e-03  3.822572e-03  3.769161e-03  3.771186e-03  5.948122e-04  6.702351e-04  1.860504e-03  2.137032e-03
  1.971039e-05  3.777678e-03  1.829187e-03  1.433579e-03  3.800480e-03  3.821181e-03  3.807855e-03  4.164744e-03  3.892858e-03  3.833072e-03  3.790663e-03  3.771465e-03  3.769260e-03  5.947634e-04  6.701278e-04  1.860500e-03  2.137055e-03
  1.971046e-05  3.792056e-03  1.829191e-03  1.433662e-03  3.842071e-03  3.871490e-03  3.849481e-03  3.892858e-03  4.145772e-03  3.798757e-03  3.817999e-03  3.772550e-03  3.772929e-03  5.947721e-04  6.701539e-04  1.860503e-03  2.137041e-03
  1.970999e-05  3.762348e-03  1.829189e-03  1.433439e-03  3.771854e-03  3.773138e-03  3.773150e-03  3.833072e-03  3.798757e-03  4.263665e-03  3.773856e-03  3.791495e-03  3.784545e-03  5.947881e-04  6.701272e-04  1.860502e-03  2.137045e-03
  1.971031e-05  3.793715e-03  1.829197e-03  1.433431e-03  3.909721e-03  3.807625e-03  3.822572e-03  3.790663e-03  3.817999e-03  3.773856e-03  4.294239e-03  3.810579e-03  3.817742e-03  5.948872e-04  6.702352e-04  1.860511e-03  2.137002e-03
  1.970856e-05  3.760034e-03  1.829211e-03  1.433335e-03  3.789582e-03  3.762038e-03  3.769161e-03  3.771465e-03  3.772550e-03  3.791495e-03  3.810579e-03  4.270232e-03  3.975884e-03  5.949495e-04  6.701762e-04  1.860523e-03  2.136939e-03
  1.970986e-05  3.760875e-03  1.829213e-03  1.433527e-03  3.794097e-03  3.762836e-03  3.771186e-03  3.769260e-03  3.772929e-03  3.784545e-03  3.817742e-03  3.975884e-03  4.289659e-03  5.948964e-04  6.703717e-04  1.860525e-03  2.136935e-03
  1.970913e-05  5.919354e-04  5.620738e-04  5.853211e-04  5.915578e-04  5.905676e-04  5.948122e-04  5.947634e-04  5.947721e-04  5.947881e-04  5.948872e-04  5.949495e-04  5.948964e-04  8.368776e-04  6.429118e-04  5.871469e-04  5.877922e-04
  1.970919e-05  6.672800e-04  6.373704e-04  6.609652e-04  6.669025e-04  6.659122e-04  6.702351e-04  6.701278e-04  6.701539e-04  6.701272e-04  6.702352e-04  6.701762e-04  6.703717e-04  6.429118e-04  9.522538e-04  6.624452e-04  6.631486e-04
  1.494898e-05  1.860169e-03  2.147121e-03  1.420471e-03  1.860144e-03  1.859851e-03  1.860504e-03  1.860500e-03  1.860503e-03  1.860502e-03  1.860511e-03  1.860523e-03  1.860525e-03  5.871469e-04  6.624452e-04  2.938672e-03  1.819756e-03
  1.552253e-05  2.136692e-03  1.793490e-03  1.431196e-03  2.136644e-03  2.136388e-03  2.137032e-03  2.137055e-03  2.137041e-03  2.137045e-03  2.137002e-03  2.136939e-03  2.136935e-03  5.877922e-04  6.631486e-04  1.819756e-03  3.316437e-03
E_FREQ

B_FREQ 6.309573e+00
  1.128402e-03  2.143139e-05  -1.006245e-05  1.204659e-05  2.171399e-05  2.031234e-05  2.211491e-05  2.211542e-05  2.211549e-05  2.211497e-05  2.211533e-05  2.211337e-05  2.211482e-05  2.211401e-05  2.211408e-05  1.677303e-05  1.741657e-05
  2.143139e-05  3.826368e-03  1.828817e-03  1.432656e-03  3.798734e-03  3.800991e-03  3.807805e-03  3.780130e-03  3.794508e-03  3.764801e-03  3.796168e-03  3.762486e-03  3.763327e-03  5.943878e-04  6.697324e-04  1.862003e-03  2.138596e-03
  -1.006245e-05  1.828817e-03  2.956263e-03  1.414987e-03  1.828731e-03  1.829283e-03  1.828008e-03  1.828003e-03  1.828007e-03  1.828004e-03  1.828013e-03  1.828027e-03  1.828028e-03  5.608892e-04  6.361859e-04  2.146300e-03  1.792646e-03
  1.204659e-05  1.432656e-03  1.414987e-03  2.738637e-03  1.432142e-03  1.431589e-03  1.435259e-03  1.435212e-03  1.435305e-03  1.435055e-03  1.435046e-03  1.434939e-03  1.435154e-03  5.869283e-04  6.625754e-04  1.421524e-03  1.432296e-03
  2.171399e-05  3.798734e-03  1.828731e-03  1.432142e-03  4.107896e-03  3.829614e-03  3.847143e-03  3.802887e-03  3.844478e-03  3.774260e-03  3.912128e-03  3.791989e-03  3.796503e-03  5.939641e-04  6.693088e-04  1.861974e-03  2.138544e-03
  2.031234e-05  3.800991e-03  1.829283e-03  1.431589e-03  3.829614e-03  4.606943e-03  3.859531e-03  3.823467e-03  3.873776e-03  3.775423e-03  3.809911e-03  3.764324e-03  3.765122e-03  5.928531e-04  6.681977e-04  1.861646e-03  2.138253e-03
  2.211491e-05  3.807805e-03  1.828008e-03  1.435259e-03  3.847143e-03  3.859531e-03  4.205736e-03  3.810690e-03  3.852343e-03  3.775958e-03  3.825384e-03  3.771956e-03  3.774059e-03  5.976156e-04  6.730481e-04  1.862379e-03  2.138977e-03
  2.211542e-05  3.780130e-03  1.828003e-03  1.435212e-03  3.802887e-03  3.823467e-03  3.810690e-03  4.167759e-03  3.895751e-03  3.835911e-03  3.793484e-03  3.774264e-03  3.772078e-03  5.975608e-04  6.729277e-04  1.862375e-03  2.139000e-03
  2.211549e-05  3.794508e-03  1.828007e-03  1.435305e-03  3.844478e-03  3.873776e-03  3.852343e-03  3.895751e-03  4.148785e-03  3.801579e-03  3.820814e-03  3.775346e-03  3.775761e-03  5.975706e-04  6.729570e-04  1.862378e-03  2.138986e-03
  2.211497e-05  3.764801e-03  1.828004e-03  1.435055e-03  3.774260e-03  3.775423e-03  3.775958e-03  3.835911e-03  3.801579e-03  4.266618e-03  3.776692e-03  3.794306e-03  3.787352e-03  5.975886e-04  6.729270e-04  1.862377e-03  2.138991e-03
  2.211533e-05  3.796168e-03  1.828013e-03  1.435046e-03  3.912128e-03  3.809911e-03  3.825384e-03  3.793484e-03  3.820814e-03  3.776692e-03  4.297181e-03  3.813389e-03  3.820560e-03  5.976998e-04  6.730482e-04  1.862386e-03  2.138947e-03
  2.211337e-05  3.762486e-03  1.828027e-03  1.434939e-03  3.791989e-03  3.764324e-03  3.771956e-03  3.774264e-03  3.775346e-03  3.794306e-03  3.813389e-03  4.273200e-03  3.978682e-03  5.977697e-04  6.729820e-04  1.862398e-03  2.138884e-03
  2.211482e-05  3.763327e-03  1.828028e-03  1.435154e-03  3.796503e-03  3.765122e-03  3.774059e-03  3.772078e-03  3.775761e-03  3.787352e-03  3.820560e-03  3.978682e-03  4.292634e-03  5.977101e-04  6.732013e-04  1.862400e-03  2.138880e-03
